Row,id5493,id14189,id14765,id14192,id14766,id5570,id14438,id5546,id5519,id11394,id10569,id5539,id14761,id5571,id5515,id5560,id5544,id10578,id10575,id5559,id5561,id5564,id14439,id10577,id5509,id5502,id5524,id14443,id10818,id10574,id14445,id5512,id5513,id5510,id14768,id14447,id5527,id5537,id14767,id14437,id5573,id5536,id10584,id14441,id10579,id5541,id14448,id5483,id10570,id10572,id14764,id10573,id5514,id10571,id11398,id10568,id11298,id5547,id5557,id14762,id14444,id10816,id10576,id5521,id5497,id11395,id11396,id5567,id5565
id5493,1,0.925925925925926,0.9375,0.888888888888889,0.884615384615385,0.9,0.814814814814815,0.857142857142857,0.803921568627451,0.823529411764706,0.897435897435897,0.918367346938776,0.851851851851852,0.882352941176471,0.836734693877551,0.795918367346939,0.82,0.882352941176471,0.84,0.846153846153846,0.875,0.875,0.76,0.882352941176471,0.901960784313726,0.893617021276596,0.911111111111111,0.888888888888889,0.897959183673469,0.872340425531915,0.923076923076923,0.714285714285714,0.803921568627451,0.862745098039216,0.961538461538462,0.962962962962963,0.857142857142857,0.645833333333333,0.961538461538462,0.807692307692308,0.882352941176471,0.86,0.86,0.851851851851852,0.844444444444444,0.9,0.777777777777778,0.784313725490196,0.823529411764706,0.851063829787234,0.888888888888889,0.866666666666667,0.901960784313726,0.86046511627907,0.730769230769231,0.862745098039216,0.836734693877551,0.878787878787879,0.88,0.888888888888889,0.777777777777778,0.871794871794872,0.857142857142857,0.892857142857143,0.862068965517241,0.897959183673469,0.9,0.851063829787234,0.872340425531915
id14189,0.925925925925926,1,0.882352941176471,0.892857142857143,0.888888888888889,0.925925925925926,0.821428571428571,0.95,0.642857142857143,0.857142857142857,1,1,0.928571428571429,0.964285714285714,0.703703703703704,0.821428571428571,0.928571428571429,0.964285714285714,0.821428571428571,0.882352941176471,0.818181818181818,0.941176470588235,0.846153846153846,0.964285714285714,1,1,1,0.964285714285714,0.923076923076923,0.958333333333333,1,0.666666666666667,0.892857142857143,0.964285714285714,0.925925925925926,0.964285714285714,0.95,0.576923076923077,0.962962962962963,0.888888888888889,0.857142857142857,0.928571428571429,0.925925925925926,0.928571428571429,0.954545454545455,0.941176470588235,0.785714285714286,0.678571428571429,0.928571428571429,0.916666666666667,0.964285714285714,0.952380952380952,1,0.857142857142857,0.703703703703704,0.821428571428571,0.888888888888889,1,0.962962962962963,0.892857142857143,0.857142857142857,0.941176470588235,0.962962962962963,1,1,1,1,0.928571428571429,0.961538461538462
id14765,0.9375,0.882352941176471,1,0.823529411764706,0.8125,0.882352941176471,0.764705882352941,0.857142857142857,0.764705882352941,0.764705882352941,0.875,0.882352941176471,0.882352941176471,0.823529411764706,0.8125,0.705882352941177,0.764705882352941,0.823529411764706,0.823529411764706,0.882352941176471,0.909090909090909,0.823529411764706,0.764705882352941,0.823529411764706,0.882352941176471,0.923076923076923,0.866666666666667,0.941176470588235,0.866666666666667,0.846153846153846,0.882352941176471,0.666666666666667,0.823529411764706,0.823529411764706,0.9375,0.882352941176471,0.846153846153846,0.6,0.875,0.705882352941177,0.823529411764706,0.882352941176471,0.823529411764706,0.764705882352941,0.866666666666667,0.823529411764706,0.705882352941177,0.823529411764706,0.882352941176471,0.882352941176471,0.823529411764706,0.8,0.875,0.818181818181818,0.75,0.705882352941177,0.764705882352941,0.909090909090909,0.823529411764706,0.823529411764706,0.647058823529412,0.941176470588235,0.882352941176471,0.909090909090909,0.875,0.875,0.875,0.764705882352941,0.823529411764706
id14192,0.888888888888889,0.892857142857143,0.823529411764706,1,0.851851851851852,0.888888888888889,0.857142857142857,0.85,0.75,0.75,0.9375,0.888888888888889,0.892857142857143,0.857142857142857,0.814814814814815,0.714285714285714,0.821428571428571,0.857142857142857,0.857142857142857,0.823529411764706,0.727272727272727,0.882352941176471,0.730769230769231,0.857142857142857,0.892857142857143,0.875,0.916666666666667,0.857142857142857,0.884615384615385,0.833333333333333,0.888888888888889,0.6,0.785714285714286,0.857142857142857,0.962962962962963,0.928571428571429,0.8,0.692307692307692,0.925925925925926,0.777777777777778,0.821428571428571,0.821428571428571,0.888888888888889,0.821428571428571,0.818181818181818,0.882352941176471,0.821428571428571,0.642857142857143,0.892857142857143,0.791666666666667,0.857142857142857,0.80952380952381,0.888888888888889,0.904761904761905,0.814814814814815,0.928571428571429,0.925925925925926,0.909090909090909,0.888888888888889,0.857142857142857,0.821428571428571,0.882352941176471,0.851851851851852,0.909090909090909,0.875,0.888888888888889,0.888888888888889,0.821428571428571,0.846153846153846
id14766,0.884615384615385,0.888888888888889,0.8125,0.851851851851852,1,0.961538461538462,0.851851851851852,0.842105263157895,0.666666666666667,0.814814814814815,0.9375,0.884615384615385,0.814814814814815,0.851851851851852,0.730769230769231,0.814814814814815,0.888888888888889,0.851851851851852,0.851851851851852,0.9375,0.8,0.875,0.8,0.851851851851852,0.888888888888889,0.869565217391304,0.956521739130435,0.851851851851852,0.96,0.91304347826087,0.884615384615385,0.571428571428571,0.888888888888889,0.888888888888889,0.884615384615385,0.925925925925926,0.842105263157895,0.64,0.923076923076923,0.769230769230769,0.888888888888889,0.888888888888889,0.884615384615385,0.888888888888889,0.857142857142857,0.875,0.888888888888889,0.703703703703704,0.814814814814815,0.826086956521739,0.851851851851852,0.85,0.884615384615385,0.75,0.730769230769231,0.777777777777778,0.846153846153846,1,0.884615384615385,0.777777777777778,0.740740740740741,0.875,0.923076923076923,1,0.9375,0.884615384615385,0.884615384615385,0.814814814814815,0.92
id5570,0.9,0.925925925925926,0.882352941176471,0.888888888888889,0.961538461538462,1,0.814814814814815,0.928571428571429,0.784313725490196,0.882352941176471,1,0.959183673469388,0.851851851851852,0.941176470588235,0.836734693877551,0.857142857142857,0.88,0.941176470588235,0.92,0.95,0.939393939393939,0.975609756097561,0.76,0.941176470588235,0.96078431372549,0.936170212765957,0.977777777777778,0.888888888888889,1,0.936170212765957,0.923076923076923,0.722222222222222,0.862745098039216,0.92156862745098,0.923076923076923,0.962962962962963,0.952380952380952,0.708333333333333,0.961538461538462,0.807692307692308,0.901960784313726,0.92,0.92,0.851851851851852,0.911111111111111,0.951219512195122,0.851851851851852,0.823529411764706,0.882352941176471,0.936170212765957,0.888888888888889,0.931818181818182,0.96,0.813953488372093,0.769230769230769,0.823529411764706,0.877551020408163,0.911764705882353,0.94,0.814814814814815,0.777777777777778,0.975,0.959183673469388,1,0.96551724137931,0.959183673469388,0.96,0.914893617021277,0.936170212765957
id14438,0.814814814814815,0.821428571428571,0.764705882352941,0.857142857142857,0.851851851851852,0.814814814814815,1,0.75,0.678571428571429,0.75,0.875,0.814814814814815,0.892857142857143,0.785714285714286,0.740740740740741,0.714285714285714,0.821428571428571,0.857142857142857,0.857142857142857,0.882352941176471,0.818181818181818,0.823529411764706,0.730769230769231,0.785714285714286,0.821428571428571,0.791666666666667,0.875,0.785714285714286,0.807692307692308,0.833333333333333,0.814814814814815,0.666666666666667,0.785714285714286,0.785714285714286,0.888888888888889,0.857142857142857,0.7,0.653846153846154,0.851851851851852,0.703703703703704,0.821428571428571,0.821428571428571,0.888888888888889,0.821428571428571,0.772727272727273,0.823529411764706,0.75,0.714285714285714,0.75,0.708333333333333,0.785714285714286,0.761904761904762,0.814814814814815,0.904761904761905,0.814814814814815,0.785714285714286,0.777777777777778,1,0.814814814814815,0.714285714285714,0.678571428571429,0.823529411764706,0.814814814814815,1,0.8125,0.851851851851852,0.814814814814815,0.75,0.846153846153846
id5546,0.857142857142857,0.95,0.857142857142857,0.85,0.842105263157895,0.928571428571429,0.75,1,0.738095238095238,0.928571428571429,0.942857142857143,0.951219512195122,0.85,0.976190476190476,0.75609756097561,0.9,0.878048780487805,0.928571428571429,0.878048780487805,0.914285714285714,0.96551724137931,0.972222222222222,0.894736842105263,0.928571428571429,0.952380952380952,0.923076923076923,0.945945945945946,0.95,0.925,0.948717948717949,0.947368421052632,0.666666666666667,0.904761904761905,0.904761904761905,0.894736842105263,0.95,0.972222222222222,0.666666666666667,0.95,0.9,0.904761904761905,0.926829268292683,0.902439024390244,0.95,0.918918918918919,0.944444444444444,0.7,0.785714285714286,0.904761904761905,0.974358974358974,1,0.945945945945946,0.952380952380952,0.764705882352941,0.684210526315789,0.833333333333333,0.85,0.827586206896552,0.952380952380952,0.8,0.9,0.942857142857143,0.9,0.96,0.961538461538462,0.95,0.952380952380952,0.948717948717949,0.923076923076923
id5519,0.803921568627451,0.642857142857143,0.764705882352941,0.75,0.666666666666667,0.784313725490196,0.678571428571429,0.738095238095238,1,0.692307692307692,0.8,0.74,0.714285714285714,0.75,0.96,0.68,0.647058823529412,0.711538461538462,0.803921568627451,0.75,0.818181818181818,0.829268292682927,0.538461538461538,0.711538461538462,0.730769230769231,0.708333333333333,0.739130434782609,0.607142857142857,0.76,0.708333333333333,0.62962962962963,0.638888888888889,0.634615384615385,0.692307692307692,0.740740740740741,0.678571428571429,0.720930232558139,0.775510204081633,0.666666666666667,0.592592592592593,0.788461538461538,0.705882352941177,0.725490196078431,0.642857142857143,0.826086956521739,0.853658536585366,0.714285714285714,0.788461538461538,0.730769230769231,0.75,0.678571428571429,0.711111111111111,0.745098039215686,0.818181818181818,0.888888888888889,0.865384615384615,0.8,0.764705882352941,0.745098039215686,0.678571428571429,0.642857142857143,0.775,0.74,0.758620689655172,0.633333333333333,0.72,0.725490196078431,0.75,0.729166666666667
id11394,0.823529411764706,0.857142857142857,0.764705882352941,0.75,0.814814814814815,0.882352941176471,0.75,0.928571428571429,0.692307692307692,1,0.9,0.92,0.785714285714286,0.942307692307692,0.7,0.98,0.92156862745098,0.903846153846154,0.803921568627451,0.95,1,0.926829268292683,1,0.942307692307692,0.923076923076923,0.916666666666667,0.934782608695652,0.892857142857143,0.88,0.979166666666667,0.851851851851852,0.611111111111111,0.903846153846154,0.884615384615385,0.777777777777778,0.821428571428571,0.930232558139535,0.63265306122449,0.814814814814815,0.814814814814815,0.903846153846154,0.96078431372549,0.92156862745098,0.928571428571429,0.891304347826087,0.902439024390244,0.785714285714286,0.865384615384615,0.884615384615385,0.958333333333333,0.892857142857143,1,0.92156862745098,0.818181818181818,0.62962962962963,0.788461538461538,0.8,0.852941176470588,0.92156862745098,0.75,0.785714285714286,0.925,0.88,0.931034482758621,0.966666666666667,0.92,0.92156862745098,0.958333333333333,0.9375
id10569,0.897435897435897,1,0.875,0.9375,0.9375,1,0.875,0.942857142857143,0.8,0.9,1,1,1,0.975,0.868421052631579,0.894736842105263,0.897435897435897,0.975,0.948717948717949,0.948717948717949,0.9375,0.975,0.75,0.975,1,0.972222222222222,1,0.9375,1,0.972222222222222,1,0.714285714285714,0.9,0.975,1,1,0.971428571428571,0.675675675675676,1,0.8125,0.9,0.948717948717949,0.975,0.875,0.921052631578947,0.95,0.8125,0.875,0.9,0.95,0.9375,0.96969696969697,1,0.878787878787879,0.8,0.825,0.871794871794872,0.909090909090909,0.95,0.8125,0.75,0.974358974358974,0.974358974358974,1,1,1,1,0.944444444444444,0.973684210526316
id5539,0.918367346938776,1,0.882352941176471,0.888888888888889,0.884615384615385,0.959183673469388,0.814814814814815,0.951219512195122,0.74,0.92,1,1,0.925925925925926,0.98,0.791666666666667,0.895833333333333,0.918367346938776,0.98,0.877551020408163,0.948717948717949,0.9375,0.975,0.84,0.98,1,0.978260869565217,1,0.962962962962963,0.958333333333333,0.978260869565217,1,0.714285714285714,0.9,0.96,0.923076923076923,0.962962962962963,0.975609756097561,0.638297872340426,0.961538461538462,0.884615384615385,0.9,0.959183673469388,0.959183673469388,0.925925925925926,0.931818181818182,0.95,0.777777777777778,0.82,0.92,0.956521739130435,0.962962962962963,0.976744186046512,1,0.880952380952381,0.692307692307692,0.84,0.875,0.939393939393939,0.959183673469388,0.888888888888889,0.851851851851852,0.974358974358974,0.958333333333333,1,1,1,1,0.956521739130435,0.978260869565217
id14761,0.851851851851852,0.928571428571429,0.882352941176471,0.892857142857143,0.814814814814815,0.851851851851852,0.892857142857143,0.85,0.714285714285714,0.785714285714286,1,0.925925925925926,1,0.892857142857143,0.777777777777778,0.75,0.857142857142857,0.892857142857143,0.892857142857143,0.882352941176471,0.818181818181818,0.941176470588235,0.769230769230769,0.892857142857143,0.928571428571429,0.916666666666667,0.916666666666667,0.892857142857143,0.846153846153846,0.875,0.925925925925926,0.666666666666667,0.821428571428571,0.892857142857143,0.925925925925926,0.892857142857143,0.85,0.653846153846154,0.888888888888889,0.814814814814815,0.785714285714286,0.857142857142857,0.925925925925926,0.857142857142857,0.863636363636364,0.941176470588235,0.714285714285714,0.75,0.857142857142857,0.833333333333333,0.892857142857143,0.857142857142857,0.925925925925926,0.952380952380952,0.777777777777778,0.821428571428571,0.814814814814815,1,0.888888888888889,0.821428571428571,0.785714285714286,0.941176470588235,0.925925925925926,1,0.875,0.925925925925926,0.925925925925926,0.857142857142857,0.884615384615385
id5571,0.882352941176471,0.964285714285714,0.823529411764706,0.857142857142857,0.851851851851852,0.941176470588235,0.785714285714286,0.976190476190476,0.75,0.942307692307692,0.975,0.98,0.892857142857143,1,0.76,0.92,0.901960784313726,0.961538461538462,0.862745098039216,0.925,0.96969696969697,1,0.884615384615385,0.961538461538462,0.980769230769231,0.958333333333333,0.978260869565217,0.928571428571429,0.94,0.979166666666667,0.962962962962963,0.694444444444444,0.884615384615385,0.942307692307692,0.888888888888889,0.928571428571429,0.976744186046512,0.673469387755102,0.925925925925926,0.925925925925926,0.923076923076923,0.941176470588235,0.941176470588235,0.964285714285714,0.956521739130435,0.975609756097561,0.75,0.807692307692308,0.903846153846154,0.979166666666667,1,0.977777777777778,0.980392156862745,0.840909090909091,0.740740740740741,0.846153846153846,0.86,0.882352941176471,0.980392156862745,0.857142857142857,0.892857142857143,0.95,0.94,0.96551724137931,1,0.98,0.980392156862745,0.979166666666667,0.958333333333333
id5515,0.836734693877551,0.703703703703704,0.8125,0.814814814814815,0.730769230769231,0.836734693877551,0.740740740740741,0.75609756097561,0.96,0.7,0.868421052631579,0.791666666666667,0.777777777777778,0.76,1,0.6875,0.714285714285714,0.76,0.857142857142857,0.815789473684211,0.818181818181818,0.846153846153846,0.52,0.76,0.78,0.74468085106383,0.772727272727273,0.666666666666667,0.8125,0.739130434782609,0.692307692307692,0.685714285714286,0.68,0.74,0.777777777777778,0.740740740740741,0.761904761904762,0.787234042553192,0.730769230769231,0.576923076923077,0.74,0.755102040816326,0.775510204081633,0.62962962962963,0.777777777777778,0.871794871794872,0.777777777777778,0.82,0.74,0.760869565217391,0.666666666666667,0.744186046511628,0.795918367346939,0.86046511627907,0.851851851851852,0.88,0.8125,0.818181818181818,0.755102040816326,0.703703703703704,0.62962962962963,0.842105263157895,0.791666666666667,0.821428571428571,0.655172413793103,0.770833333333333,0.775510204081633,0.739130434782609,0.760869565217391
id5560,0.795918367346939,0.821428571428571,0.705882352941177,0.714285714285714,0.814814814814815,0.857142857142857,0.714285714285714,0.9,0.68,0.98,0.894736842105263,0.895833333333333,0.75,0.92,0.6875,1,0.897959183673469,0.88,0.775510204081633,0.923076923076923,0.967741935483871,0.897435897435897,0.961538461538462,0.92,0.9,0.891304347826087,0.909090909090909,0.857142857142857,0.854166666666667,0.956521739130435,0.814814814814815,0.558823529411765,0.92,0.9,0.740740740740741,0.785714285714286,0.902439024390244,0.638297872340426,0.777777777777778,0.777777777777778,0.88,0.94,0.897959183673469,0.892857142857143,0.886363636363636,0.871794871794872,0.75,0.84,0.86,0.934782608695652,0.857142857142857,0.976744186046512,0.897959183673469,0.785714285714286,0.592592592592593,0.78,0.775510204081633,0.818181818181818,0.897959183673469,0.714285714285714,0.75,0.894736842105263,0.854166666666667,0.888888888888889,0.964285714285714,0.895833333333333,0.897959183673469,0.936170212765957,0.91304347826087
id5544,0.82,0.928571428571429,0.764705882352941,0.821428571428571,0.888888888888889,0.88,0.821428571428571,0.878048780487805,0.647058823529412,0.92156862745098,0.897435897435897,0.918367346938776,0.857142857142857,0.901960784313726,0.714285714285714,0.897959183673469,1,0.901960784313726,0.8,0.897435897435897,0.90625,0.875,0.923076923076923,0.941176470588235,0.92156862745098,0.914893617021277,0.934782608695652,0.892857142857143,0.877551020408163,0.936170212765957,0.925925925925926,0.685714285714286,0.901960784313726,0.882352941176471,0.851851851851852,0.892857142857143,0.904761904761905,0.625,0.888888888888889,0.814814814814815,0.862745098039216,0.92,0.92,0.928571428571429,0.844444444444444,0.85,0.857142857142857,0.823529411764706,0.843137254901961,0.872340425531915,0.892857142857143,0.954545454545455,0.92,0.813953488372093,0.62962962962963,0.745098039215686,0.795918367346939,0.848484848484849,0.88,0.821428571428571,0.785714285714286,0.871794871794872,0.877551020408163,0.964285714285714,0.933333333333333,0.918367346938776,0.92,0.914893617021277,0.936170212765957
id10578,0.882352941176471,0.964285714285714,0.823529411764706,0.857142857142857,0.851851851851852,0.941176470588235,0.857142857142857,0.928571428571429,0.711538461538462,0.903846153846154,0.975,0.98,0.892857142857143,0.961538461538462,0.76,0.88,0.901960784313726,1,0.862745098039216,0.925,0.939393939393939,0.951219512195122,0.807692307692308,0.961538461538462,0.980769230769231,0.958333333333333,0.978260869565217,0.928571428571429,0.94,0.958333333333333,0.962962962962963,0.75,0.884615384615385,0.942307692307692,0.888888888888889,0.928571428571429,0.953488372093023,0.63265306122449,0.925925925925926,0.851851851851852,0.884615384615385,0.941176470588235,0.941176470588235,0.892857142857143,0.934782608695652,0.926829268292683,0.75,0.807692307692308,0.903846153846154,0.9375,0.928571428571429,0.955555555555556,0.980392156862745,0.863636363636364,0.740740740740741,0.807692307692308,0.86,0.911764705882353,0.941176470588235,0.857142857142857,0.821428571428571,0.95,0.94,1,0.966666666666667,1,0.980392156862745,0.9375,0.958333333333333
id10575,0.84,0.821428571428571,0.823529411764706,0.857142857142857,0.851851851851852,0.92,0.857142857142857,0.878048780487805,0.803921568627451,0.803921568627451,0.948717948717949,0.877551020408163,0.892857142857143,0.862745098039216,0.857142857142857,0.775510204081633,0.8,0.862745098039216,1,0.897435897435897,0.875,0.925,0.653846153846154,0.862745098039216,0.882352941176471,0.851063829787234,0.888888888888889,0.785714285714286,0.918367346938776,0.851063829787234,0.814814814814815,0.742857142857143,0.784313725490196,0.843137254901961,0.888888888888889,0.857142857142857,0.857142857142857,0.73469387755102,0.851851851851852,0.703703703703704,0.823529411764706,0.84,0.88,0.75,0.822222222222222,0.9,0.75,0.862745098039216,0.843137254901961,0.851063829787234,0.785714285714286,0.863636363636364,0.9,0.813953488372093,0.814814814814815,0.823529411764706,0.836734693877551,0.848484848484849,0.86,0.714285714285714,0.678571428571429,0.923076923076923,0.918367346938776,0.964285714285714,0.866666666666667,0.877551020408163,0.88,0.851063829787234,0.854166666666667
id5559,0.846153846153846,0.882352941176471,0.882352941176471,0.823529411764706,0.9375,0.95,0.882352941176471,0.914285714285714,0.75,0.95,0.948717948717949,0.948717948717949,0.882352941176471,0.925,0.815789473684211,0.923076923076923,0.897435897435897,0.925,0.897435897435897,1,0.96875,0.925,0.882352941176471,0.925,0.95,0.916666666666667,0.972222222222222,0.941176470588235,0.947368421052632,1,0.882352941176471,0.657142857142857,0.925,0.9,0.875,0.882352941176471,0.942857142857143,0.675675675675676,0.875,0.705882352941177,0.9,1,0.975,0.882352941176471,0.868421052631579,0.9,0.823529411764706,0.925,0.9,0.95,0.823529411764706,0.96969696969697,0.948717948717949,0.848484848484849,0.6875,0.775,0.82051282051282,0.882352941176471,0.9,0.705882352941177,0.647058823529412,0.974358974358974,0.923076923076923,0.964285714285714,1,0.947368421052632,0.948717948717949,0.888888888888889,0.973684210526316
id5561,0.875,0.818181818181818,0.909090909090909,0.727272727272727,0.8,0.939393939393939,0.818181818181818,0.96551724137931,0.818181818181818,1,0.9375,0.9375,0.818181818181818,0.96969696969697,0.818181818181818,0.967741935483871,0.90625,0.939393939393939,0.875,0.96875,1,0.96969696969697,1,0.939393939393939,0.939393939393939,0.90625,0.935483870967742,0.909090909090909,0.935483870967742,1,0.818181818181818,0.666666666666667,0.878787878787879,0.878787878787879,0.818181818181818,0.818181818181818,0.96551724137931,0.6875,0.8,0.727272727272727,0.939393939393939,0.96875,0.939393939393939,0.909090909090909,0.909090909090909,0.96969696969697,0.727272727272727,0.939393939393939,0.878787878787879,1,0.909090909090909,1,0.9375,0.84375,0.818181818181818,0.818181818181818,0.78125,0.84375,0.939393939393939,0.727272727272727,0.727272727272727,0.96875,0.90625,0.925925925925926,1,0.9375,0.9375,0.96551724137931,0.935483870967742
id5564,0.875,0.941176470588235,0.823529411764706,0.882352941176471,0.875,0.975609756097561,0.823529411764706,0.972222222222222,0.829268292682927,0.926829268292683,0.975,0.975,0.941176470588235,1,0.846153846153846,0.897435897435897,0.875,0.951219512195122,0.925,0.925,0.96969696969697,1,0.823529411764706,0.951219512195122,0.975609756097561,0.945945945945946,0.972972972972973,0.882352941176471,0.974358974358974,0.972972972972973,0.941176470588235,0.694444444444444,0.853658536585366,0.926829268292683,0.9375,0.941176470588235,0.972222222222222,0.710526315789474,0.9375,0.882352941176471,0.926829268292683,0.925,0.951219512195122,0.941176470588235,0.948717948717949,0.975609756097561,0.764705882352941,0.853658536585366,0.878048780487805,0.975609756097561,1,0.970588235294118,0.975,0.852941176470588,0.875,0.853658536585366,0.85,0.882352941176471,0.975609756097561,0.764705882352941,0.823529411764706,0.95,0.95,0.96551724137931,1,0.974358974358974,0.975,0.972972972972973,0.948717948717949
id14439,0.76,0.846153846153846,0.764705882352941,0.730769230769231,0.8,0.76,0.730769230769231,0.894736842105263,0.538461538461538,1,0.75,0.84,0.769230769230769,0.884615384615385,0.52,0.961538461538462,0.923076923076923,0.807692307692308,0.653846153846154,0.882352941176471,1,0.823529411764706,1,0.884615384615385,0.846153846153846,0.863636363636364,0.869565217391304,0.884615384615385,0.75,0.954545454545455,0.846153846153846,0.4,0.884615384615385,0.807692307692308,0.76,0.807692307692308,0.842105263157895,0.5,0.8,0.8,0.846153846153846,0.923076923076923,0.846153846153846,0.923076923076923,0.857142857142857,0.823529411764706,0.769230769230769,0.730769230769231,0.846153846153846,0.91304347826087,0.884615384615385,1,0.84,0.736842105263158,0.6,0.730769230769231,0.72,0.818181818181818,0.88,0.730769230769231,0.769230769230769,0.823529411764706,0.8,0.818181818181818,0.933333333333333,0.84,0.84,0.923076923076923,0.88
id10577,0.882352941176471,0.964285714285714,0.823529411764706,0.857142857142857,0.851851851851852,0.941176470588235,0.785714285714286,0.928571428571429,0.711538461538462,0.942307692307692,0.975,0.98,0.892857142857143,0.961538461538462,0.76,0.92,0.941176470588235,0.961538461538462,0.862745098039216,0.925,0.939393939393939,0.951219512195122,0.884615384615385,1,0.980769230769231,0.979166666666667,0.978260869565217,0.928571428571429,0.94,0.958333333333333,0.962962962962963,0.694444444444444,0.884615384615385,0.942307692307692,0.888888888888889,0.928571428571429,0.953488372093023,0.63265306122449,0.925925925925926,0.851851851851852,0.884615384615385,0.941176470588235,0.941176470588235,0.892857142857143,0.91304347826087,0.926829268292683,0.821428571428571,0.846153846153846,0.903846153846154,0.9375,0.928571428571429,1,0.980392156862745,0.863636363636364,0.666666666666667,0.807692307692308,0.86,0.911764705882353,0.941176470588235,0.857142857142857,0.821428571428571,0.95,0.94,1,0.966666666666667,0.98,0.980392156862745,0.979166666666667,0.958333333333333
id5509,0.901960784313726,1,0.882352941176471,0.892857142857143,0.888888888888889,0.96078431372549,0.821428571428571,0.952380952380952,0.730769230769231,0.923076923076923,1,1,0.928571428571429,0.980769230769231,0.78,0.9,0.92156862745098,0.980769230769231,0.882352941176471,0.95,0.939393939393939,0.975609756097561,0.846153846153846,0.980769230769231,1,0.979166666666667,1,0.964285714285714,0.96,0.979166666666667,1,0.722222222222222,0.903846153846154,0.961538461538462,0.925925925925926,0.964285714285714,0.976744186046512,0.653061224489796,0.962962962962963,0.888888888888889,0.903846153846154,0.96078431372549,0.96078431372549,0.928571428571429,0.934782608695652,0.951219512195122,0.785714285714286,0.826923076923077,0.923076923076923,0.958333333333333,0.964285714285714,0.977777777777778,1,0.863636363636364,0.703703703703704,0.826923076923077,0.88,0.911764705882353,0.96078431372549,0.892857142857143,0.857142857142857,0.975,0.96,1,1,1,1,0.958333333333333,0.979166666666667
id5502,0.893617021276596,1,0.923076923076923,0.875,0.869565217391304,0.936170212765957,0.791666666666667,0.923076923076923,0.708333333333333,0.916666666666667,0.972222222222222,0.978260869565217,0.916666666666667,0.958333333333333,0.74468085106383,0.891304347826087,0.914893617021277,0.958333333333333,0.851063829787234,0.916666666666667,0.90625,0.945945945945946,0.863636363636364,0.979166666666667,0.979166666666667,1,0.976190476190476,0.958333333333333,0.934782608695652,0.954545454545455,1,0.696969696969697,0.875,0.9375,0.916666666666667,0.958333333333333,0.974358974358974,0.666666666666667,0.958333333333333,0.869565217391304,0.895833333333333,0.936170212765957,0.936170212765957,0.916666666666667,0.906976744186046,0.918918918918919,0.791666666666667,0.833333333333333,0.895833333333333,0.931818181818182,0.958333333333333,0.975609756097561,0.978723404255319,0.837209302325581,0.666666666666667,0.791666666666667,0.847826086956522,0.878787878787879,0.936170212765957,0.916666666666667,0.875,0.944444444444444,0.934782608695652,0.964285714285714,0.964285714285714,0.978260869565217,0.979166666666667,0.954545454545455,0.954545454545455
id5524,0.911111111111111,1,0.866666666666667,0.916666666666667,0.956521739130435,0.977777777777778,0.875,0.945945945945946,0.739130434782609,0.934782608695652,1,1,0.916666666666667,0.978260869565217,0.772727272727273,0.909090909090909,0.934782608695652,0.978260869565217,0.888888888888889,0.972222222222222,0.935483870967742,0.972972972972973,0.869565217391304,0.978260869565217,1,0.976190476190476,1,0.958333333333333,0.977272727272727,1,1,0.6875,0.91304347826087,0.956521739130435,0.956521739130435,1,0.973684210526316,0.644444444444444,1,0.869565217391304,0.956521739130435,0.977777777777778,0.978260869565217,0.958333333333333,0.951219512195122,0.945945945945946,0.833333333333333,0.826086956521739,0.934782608695652,0.953488372093023,0.958333333333333,0.975609756097561,1,0.85,0.695652173913043,0.826086956521739,0.909090909090909,0.90625,0.956521739130435,0.916666666666667,0.875,0.972222222222222,0.954545454545455,1,1,1,1,0.953488372093023,1
id14443,0.888888888888889,0.964285714285714,0.941176470588235,0.857142857142857,0.851851851851852,0.888888888888889,0.785714285714286,0.95,0.607142857142857,0.892857142857143,0.9375,0.962962962962963,0.892857142857143,0.928571428571429,0.666666666666667,0.857142857142857,0.892857142857143,0.928571428571429,0.785714285714286,0.941176470588235,0.909090909090909,0.882352941176471,0.884615384615385,0.928571428571429,0.964285714285714,0.958333333333333,0.958333333333333,1,0.884615384615385,0.958333333333333,0.962962962962963,0.6,0.928571428571429,0.928571428571429,0.888888888888889,0.928571428571429,0.95,0.538461538461538,0.925925925925926,0.851851851851852,0.821428571428571,0.964285714285714,0.888888888888889,0.892857142857143,0.909090909090909,0.882352941176471,0.75,0.714285714285714,0.964285714285714,0.958333333333333,0.928571428571429,0.952380952380952,0.962962962962963,0.80952380952381,0.666666666666667,0.785714285714286,0.851851851851852,0.909090909090909,0.925925925925926,0.857142857142857,0.821428571428571,1,0.925925925925926,0.909090909090909,1,0.962962962962963,0.962962962962963,0.892857142857143,0.923076923076923
id10818,0.897959183673469,0.923076923076923,0.866666666666667,0.884615384615385,0.96,1,0.807692307692308,0.925,0.76,0.88,1,0.958333333333333,0.846153846153846,0.94,0.8125,0.854166666666667,0.877551020408163,0.94,0.918367346938776,0.947368421052632,0.935483870967742,0.974358974358974,0.75,0.94,0.96,0.934782608695652,0.977272727272727,0.884615384615385,1,0.934782608695652,0.92,0.764705882352941,0.86,0.92,0.92,0.961538461538462,0.951219512195122,0.723404255319149,0.96,0.88,0.9,0.918367346938776,0.918367346938776,0.846153846153846,0.909090909090909,0.948717948717949,0.846153846153846,0.82,0.88,0.934782608695652,0.884615384615385,0.930232558139535,0.959183673469388,0.80952380952381,0.76,0.82,0.875,0.90625,0.938775510204082,0.807692307692308,0.769230769230769,0.973684210526316,0.958333333333333,1,0.966666666666667,0.958333333333333,0.959183673469388,0.91304347826087,0.934782608695652
id10574,0.872340425531915,0.958333333333333,0.846153846153846,0.833333333333333,0.91304347826087,0.936170212765957,0.833333333333333,0.948717948717949,0.708333333333333,0.979166666666667,0.972222222222222,0.978260869565217,0.875,0.979166666666667,0.739130434782609,0.956521739130435,0.936170212765957,0.958333333333333,0.851063829787234,1,1,0.972972972972973,0.954545454545455,0.958333333333333,0.979166666666667,0.954545454545455,1,0.958333333333333,0.934782608695652,1,0.956521739130435,0.65625,0.9375,0.9375,0.869565217391304,0.916666666666667,0.953488372093023,0.644444444444444,0.91304347826087,0.869565217391304,0.9375,1,0.978723404255319,1,0.928571428571429,0.945945945945946,0.791666666666667,0.854166666666667,0.916666666666667,0.977272727272727,0.958333333333333,0.977777777777778,0.978723404255319,0.85,0.652173913043478,0.8125,0.847826086956522,0.9,0.957446808510638,0.833333333333333,0.833333333333333,0.972222222222222,0.934782608695652,1,1,0.978260869565217,0.978723404255319,0.954545454545455,1
id14445,0.923076923076923,1,0.882352941176471,0.888888888888889,0.884615384615385,0.923076923076923,0.814814814814815,0.947368421052632,0.62962962962963,0.851851851851852,1,1,0.925925925925926,0.962962962962963,0.692307692307692,0.814814814814815,0.925925925925926,0.962962962962963,0.814814814814815,0.882352941176471,0.818181818181818,0.941176470588235,0.846153846153846,0.962962962962963,1,1,1,0.962962962962963,0.92,0.956521739130435,1,0.666666666666667,0.888888888888889,0.962962962962963,0.923076923076923,0.962962962962963,0.95,0.56,0.961538461538462,0.884615384615385,0.851851851851852,0.925925925925926,0.925925925925926,0.925925925925926,0.954545454545455,0.941176470588235,0.777777777777778,0.666666666666667,0.925925925925926,0.916666666666667,0.962962962962963,0.95,1,0.85,0.692307692307692,0.814814814814815,0.884615384615385,1,0.961538461538462,0.888888888888889,0.851851851851852,0.941176470588235,0.961538461538462,1,1,1,1,0.925925925925926,0.96
id5512,0.714285714285714,0.666666666666667,0.666666666666667,0.6,0.571428571428571,0.722222222222222,0.666666666666667,0.666666666666667,0.638888888888889,0.611111111111111,0.714285714285714,0.714285714285714,0.666666666666667,0.694444444444444,0.685714285714286,0.558823529411765,0.685714285714286,0.75,0.742857142857143,0.657142857142857,0.666666666666667,0.694444444444444,0.4,0.694444444444444,0.722222222222222,0.696969696969697,0.6875,0.6,0.764705882352941,0.65625,0.666666666666667,1,0.638888888888889,0.722222222222222,0.714285714285714,0.666666666666667,0.6875,0.757575757575758,0.666666666666667,0.733333333333333,0.666666666666667,0.657142857142857,0.694444444444444,0.533333333333333,0.676470588235294,0.694444444444444,0.466666666666667,0.694444444444444,0.611111111111111,0.666666666666667,0.6,0.655172413793103,0.742857142857143,0.620689655172414,0.642857142857143,0.666666666666667,0.742857142857143,0.689655172413793,0.666666666666667,0.6,0.466666666666667,0.694444444444444,0.75,0.708333333333333,0.65,0.742857142857143,0.722222222222222,0.636363636363636,0.705882352941177
id5513,0.803921568627451,0.892857142857143,0.823529411764706,0.785714285714286,0.888888888888889,0.862745098039216,0.785714285714286,0.904761904761905,0.634615384615385,0.903846153846154,0.9,0.9,0.821428571428571,0.884615384615385,0.68,0.92,0.901960784313726,0.884615384615385,0.784313725490196,0.925,0.878787878787879,0.853658536585366,0.884615384615385,0.884615384615385,0.903846153846154,0.875,0.91304347826087,0.928571428571429,0.86,0.9375,0.888888888888889,0.638888888888889,1,0.903846153846154,0.814814814814815,0.857142857142857,0.883720930232558,0.571428571428571,0.851851851851852,0.777777777777778,0.846153846153846,0.941176470588235,0.901960784313726,0.892857142857143,0.826086956521739,0.829268292682927,0.75,0.807692307692308,0.865384615384615,0.895833333333333,0.857142857142857,0.911111111111111,0.901960784313726,0.772727272727273,0.592592592592593,0.730769230769231,0.78,0.794117647058823,0.862745098039216,0.785714285714286,0.75,0.9,0.86,0.931034482758621,0.933333333333333,0.9,0.901960784313726,0.854166666666667,0.916666666666667
id5510,0.862745098039216,0.964285714285714,0.823529411764706,0.857142857142857,0.888888888888889,0.92156862745098,0.785714285714286,0.904761904761905,0.692307692307692,0.884615384615385,0.975,0.96,0.892857142857143,0.942307692307692,0.74,0.9,0.882352941176471,0.942307692307692,0.843137254901961,0.9,0.878787878787879,0.926829268292683,0.807692307692308,0.942307692307692,0.961538461538462,0.9375,0.956521739130435,0.928571428571429,0.92,0.9375,0.962962962962963,0.722222222222222,0.903846153846154,1,0.888888888888889,0.928571428571429,0.930232558139535,0.653061224489796,0.925925925925926,0.851851851851852,0.865384615384615,0.92156862745098,0.92156862745098,0.892857142857143,0.891304347826087,0.902439024390244,0.75,0.788461538461538,0.884615384615385,0.916666666666667,0.928571428571429,0.933333333333333,0.96078431372549,0.818181818181818,0.666666666666667,0.826923076923077,0.88,0.911764705882353,0.92156862745098,0.857142857142857,0.821428571428571,0.925,0.92,0.931034482758621,0.966666666666667,0.96,0.96078431372549,0.916666666666667,0.9375
id14768,0.961538461538462,0.925925925925926,0.9375,0.962962962962963,0.884615384615385,0.923076923076923,0.888888888888889,0.894736842105263,0.740740740740741,0.777777777777778,1,0.923076923076923,0.925925925925926,0.888888888888889,0.777777777777778,0.740740740740741,0.851851851851852,0.888888888888889,0.888888888888889,0.875,0.818181818181818,0.9375,0.76,0.888888888888889,0.925925925925926,0.916666666666667,0.956521739130435,0.888888888888889,0.92,0.869565217391304,0.923076923076923,0.714285714285714,0.814814814814815,0.888888888888889,1,0.962962962962963,0.842105263157895,0.68,0.961538461538462,0.807692307692308,0.888888888888889,0.851851851851852,0.923076923076923,0.851851851851852,0.863636363636364,0.9375,0.777777777777778,0.703703703703704,0.851851851851852,0.826086956521739,0.888888888888889,0.85,0.923076923076923,0.857142857142857,0.777777777777778,0.888888888888889,0.884615384615385,1,0.923076923076923,0.851851851851852,0.777777777777778,0.9375,0.884615384615385,1,0.933333333333333,0.923076923076923,0.923076923076923,0.851851851851852,0.88
id14447,0.962962962962963,0.964285714285714,0.882352941176471,0.928571428571429,0.925925925925926,0.962962962962963,0.857142857142857,0.95,0.678571428571429,0.821428571428571,1,0.962962962962963,0.892857142857143,0.928571428571429,0.740740740740741,0.785714285714286,0.892857142857143,0.928571428571429,0.857142857142857,0.882352941176471,0.818181818181818,0.941176470588235,0.807692307692308,0.928571428571429,0.964285714285714,0.958333333333333,1,0.928571428571429,0.961538461538462,0.916666666666667,0.962962962962963,0.666666666666667,0.857142857142857,0.928571428571429,0.962962962962963,1,0.9,0.615384615384615,1,0.851851851851852,0.892857142857143,0.892857142857143,0.888888888888889,0.892857142857143,0.909090909090909,0.941176470588235,0.821428571428571,0.642857142857143,0.892857142857143,0.875,0.928571428571429,0.904761904761905,0.962962962962963,0.80952380952381,0.740740740740741,0.857142857142857,0.925925925925926,1,0.962962962962963,0.857142857142857,0.821428571428571,0.941176470588235,0.925925925925926,1,1,0.962962962962963,0.962962962962963,0.892857142857143,0.923076923076923
id5527,0.857142857142857,0.95,0.846153846153846,0.8,0.842105263157895,0.952380952380952,0.7,0.972222222222222,0.720930232558139,0.930232558139535,0.971428571428571,0.975609756097561,0.85,0.976744186046512,0.761904761904762,0.902439024390244,0.904761904761905,0.953488372093023,0.857142857142857,0.942857142857143,0.96551724137931,0.972222222222222,0.842105263157895,0.953488372093023,0.976744186046512,0.974358974358974,0.973684210526316,0.95,0.951219512195122,0.953488372093023,0.95,0.6875,0.883720930232558,0.930232558139535,0.842105263157895,0.9,1,0.625,0.947368421052632,0.85,0.883720930232558,0.952380952380952,0.930232558139535,0.9,0.926829268292683,0.944444444444444,0.75,0.837209302325581,0.906976744186046,0.976744186046512,0.95,0.95,0.976190476190476,0.805555555555556,0.684210526315789,0.790697674418605,0.833333333333333,0.862068965517241,0.952380952380952,0.8,0.9,0.971428571428571,0.951219512195122,0.958333333333333,1,0.975609756097561,1,0.948717948717949,0.95
id5537,0.645833333333333,0.576923076923077,0.6,0.692307692307692,0.64,0.708333333333333,0.653846153846154,0.666666666666667,0.775510204081633,0.63265306122449,0.675675675675676,0.638297872340426,0.653846153846154,0.673469387755102,0.787234042553192,0.638297872340426,0.625,0.63265306122449,0.73469387755102,0.675675675675676,0.6875,0.710526315789474,0.5,0.63265306122449,0.653061224489796,0.666666666666667,0.644444444444444,0.538461538461538,0.723404255319149,0.644444444444444,0.56,0.757575757575758,0.571428571428571,0.653061224489796,0.68,0.615384615384615,0.625,1,0.6,0.68,0.693877551020408,0.645833333333333,0.666666666666667,0.615384615384615,0.674418604651163,0.684210526315789,0.615384615384615,0.693877551020408,0.612244897959184,0.644444444444444,0.615384615384615,0.636363636363636,0.666666666666667,0.627906976744186,0.76,0.755102040816326,0.74468085106383,0.666666666666667,0.666666666666667,0.653846153846154,0.615384615384615,0.648648648648649,0.680851063829787,0.607142857142857,0.6,0.638297872340426,0.645833333333333,0.644444444444444,0.630434782608696
