Row,id10568,id10570,id10571,id10572,id10573,id10574,id10575,id10576,id10577,id10578,id10579,id10584,id10818,id11298,id11394,id11395,id11396,id11398,id11445,id14189,id14192,id14437,id14438,id14439,id14441,id14443,id14444,id14445,id14447,id14448,id14761,id14762,id14764,id14766,id14767,id14768,id16085,id16115,id16175,id16530,id16537,id16538,id16701,id16702,id16704,id16801,id16807,id17750,id17791,id5483,id5493,id5497,id5502,id5509,id5510,id5513,id5514,id5515,id5519,id5524,id5527,id5536,id5537,id5539,id5544,id5546,id5557,id5560,id5565,id5567,id5570,id5571,id5573,id5576
id10568,1,0.818181818181818,0.84083044982699,0.802083333333333,0.826241134751773,0.877076411960133,0.878594249201278,0.790163934426229,0.841772151898734,0.880877742946709,0.827464788732394,0.810289389067524,0.840909090909091,0.898089171974522,0.784126984126984,0.863492063492064,0.829581993569132,0.770053475935829,0.811111111111111,0.796875,0.859375,0.765027322404372,0.763157894736842,0.823204419889503,0.780104712041885,0.788359788359788,0.764397905759162,0.834224598930481,0.805263157894737,0.74869109947644,0.830687830687831,0.786458333333333,0.806282722513089,0.821621621621622,0.869109947643979,0.825396825396825,0.87719298245614,0.830508474576271,0.811965811965812,0.886363636363636,0.815217391304348,0.760869565217391,0.876404494382023,0.858695652173913,1,0.83695652173913,0.83695652173913,0.966666666666667,1,0.815047021943574,0.90032154340836,0.865384615384615,0.833333333333333,0.831210191082803,0.836990595611285,0.798076923076923,0.855345911949686,0.866666666666667,0.86984126984127,0.819727891156463,0.829710144927536,0.860927152317881,0.77124183006536,0.868243243243243,0.838187702265372,0.821969696969697,0.866666666666667,0.801948051948052,0.814189189189189,0.844827586206897,0.838709677419355,0.861635220125786,0.816720257234727,0.830275229357798
id10570,0.818181818181818,1,0.837931034482759,0.847750865051903,0.855123674911661,0.874172185430464,0.837579617834395,0.816993464052288,0.832807570977918,0.83125,0.856140350877193,0.826923076923077,0.857605177993528,0.844444444444444,0.810126582278481,0.85126582278481,0.836538461538462,0.812834224598931,0.822222222222222,0.791666666666667,0.791666666666667,0.754098360655738,0.747368421052632,0.795580110497238,0.795811518324607,0.82010582010582,0.769633507853403,0.828877005347594,0.8,0.759162303664921,0.804232804232804,0.802083333333333,0.827225130890052,0.783783783783784,0.790575916230366,0.814814814814815,0.842105263157895,0.822033898305085,0.752136752136752,0.738636363636364,0.717391304347826,0.728260869565217,0.797752808988764,0.739130434782609,1,0.760869565217391,0.760869565217391,0.8,0.833333333333333,0.840625,0.82051282051282,0.932692307692308,0.833898305084746,0.815873015873016,0.840625,0.817891373801917,0.815047021943574,0.822784810126582,0.79746835443038,0.840677966101695,0.84115523465704,0.844884488448845,0.739413680781759,0.831649831649832,0.82258064516129,0.856603773584906,0.841772151898734,0.799352750809062,0.835016835016835,0.81786941580756,0.836012861736334,0.849529780564263,0.817307692307692,0.849315068493151
id10571,0.84083044982699,0.837931034482759,1,0.834615384615385,0.870588235294118,0.871323529411765,0.873239436619718,0.804347826086957,0.839721254355401,0.868965517241379,0.861538461538462,0.815602836879433,0.867383512544803,0.877622377622378,0.836236933797909,0.878048780487805,0.868794326241135,0.795031055900621,0.775280898876405,0.829268292682927,0.878048780487805,0.761290322580645,0.783950617283951,0.797385620915033,0.798780487804878,0.796296296296296,0.760736196319018,0.836477987421384,0.808641975308642,0.754601226993865,0.850931677018634,0.823170731707317,0.797546012269939,0.821656050955414,0.858895705521472,0.87037037037037,0.852272727272727,0.793478260869565,0.847826086956522,0.840909090909091,0.758241758241758,0.791208791208791,0.875,0.824175824175824,1,0.846153846153846,0.857142857142857,0.862068965517241,0.896551724137931,0.810344827586207,0.855633802816901,0.89247311827957,0.866197183098592,0.842657342657343,0.824137931034483,0.823943661971831,0.858131487889273,0.839721254355401,0.828671328671329,0.841911764705882,0.842741935483871,0.84981684981685,0.738351254480287,0.883895131086142,0.861209964412811,0.843220338983051,0.891608391608392,0.82078853046595,0.843866171003718,0.854961832061069,0.864768683274021,0.878892733564014,0.773851590106007,0.824074074074074
id10572,0.802083333333333,0.847750865051903,0.834615384615385,1,0.863813229571984,0.881918819188192,0.862190812720848,0.891696750902527,0.881533101045296,0.86159169550173,0.873239436619718,0.856643356643357,0.870503597122302,0.822916666666667,0.828671328671329,0.885017421602787,0.879432624113475,0.770700636942675,0.80327868852459,0.826086956521739,0.788819875776398,0.813664596273292,0.751552795031056,0.869281045751634,0.8,0.854430379746835,0.75625,0.842767295597484,0.830188679245283,0.74375,0.822784810126582,0.77639751552795,0.85625,0.779220779220779,0.85,0.773584905660377,0.807228915662651,0.839080459770115,0.744186046511628,0.741935483870968,0.758064516129032,0.725806451612903,0.779661016949153,0.725806451612903,1,0.758064516129032,0.806451612903226,NaN,NaN,0.85121107266436,0.839857651245552,0.936170212765957,0.878787878787879,0.852112676056338,0.820069204152249,0.847517730496454,0.864583333333333,0.824561403508772,0.828070175438597,0.888059701492537,0.87037037037037,0.872727272727273,0.721014492753623,0.891791044776119,0.85,0.873949579831933,0.880701754385965,0.849462365591398,0.864468864468865,0.882575757575758,0.882562277580071,0.885416666666667,0.858657243816254,0.842105263157895
id10573,0.826241134751773,0.855123674911661,0.870588235294118,0.863813229571984,1,0.904593639575972,0.862815884476534,0.858736059479554,0.875444839857651,0.872791519434629,0.892857142857143,0.887272727272727,0.886029411764706,0.848920863309353,0.917562724014337,0.899641577060932,0.916363636363636,0.746666666666667,0.847058823529412,0.851612903225806,0.812903225806452,0.835616438356164,0.790849673202614,0.826388888888889,0.850649350649351,0.809210526315789,0.785714285714286,0.86,0.830065359477124,0.818181818181818,0.836601307189543,0.812903225806452,0.864516129032258,0.803921568627451,0.844155844155844,0.843137254901961,0.811320754716981,0.809090909090909,0.798165137614679,0.783132530120482,0.770114942528736,0.793103448275862,0.845238095238095,0.781609195402299,NaN,0.816091954022989,0.804597701149425,0.769230769230769,0.769230769230769,0.869257950530035,0.859205776173285,0.916666666666667,0.895348837209302,0.884892086330935,0.855123674911661,0.873188405797101,0.886925795053004,0.824372759856631,0.802867383512545,0.869230769230769,0.892307692307692,0.906015037593985,0.716911764705882,0.904214559386973,0.904761904761905,0.883620689655172,0.881720430107527,0.860294117647059,0.903846153846154,0.89272030651341,0.872262773722628,0.918439716312057,0.807272727272727,0.864485981308411
id10574,0.877076411960133,0.874172185430464,0.871323529411765,0.881918819188192,0.904593639575972,1,0.905405405405405,0.864583333333333,0.88628762541806,0.927152317880795,0.925093632958802,0.891156462585034,0.907216494845361,0.882154882154882,0.89261744966443,0.922818791946309,0.928571428571429,0.775147928994083,0.888888888888889,0.936781609195402,0.873563218390805,0.878787878787879,0.831395348837209,0.907975460122699,0.907514450867052,0.853801169590643,0.838150289017341,0.940828402366864,0.86046511627907,0.803468208092486,0.91812865497076,0.844827586206897,0.913294797687861,0.862275449101796,0.92485549132948,0.888888888888889,0.912280701754386,0.872881355932203,0.854700854700855,0.852272727272727,0.804347826086957,0.815217391304348,0.921348314606742,0.891304347826087,1,0.91304347826087,0.891304347826087,0.966666666666667,1,0.880794701986755,0.914965986394558,0.98989898989899,0.916967509025271,0.905723905723906,0.884105960264901,0.898305084745763,0.913621262458472,0.865771812080537,0.825503355704698,0.884476534296029,0.906137184115523,0.947368421052632,0.754325259515571,0.942652329749104,0.914383561643836,0.876,0.922818791946309,0.900343642611684,0.913978494623656,0.904761904761905,0.907849829351536,0.943521594684385,0.850340136054422,0.894977168949772
id10575,0.878594249201278,0.837579617834395,0.873239436619718,0.862190812720848,0.862815884476534,0.905405405405405,1,0.850993377483444,0.864951768488746,0.910828025477707,0.85663082437276,0.836601307189543,0.897689768976898,0.889967637540453,0.82258064516129,0.916129032258065,0.882352941176471,0.771739130434783,0.813953488372093,0.866310160427808,0.919786096256685,0.825842696629214,0.8,0.865168539325843,0.811827956989247,0.793478260869565,0.768817204301075,0.895604395604396,0.837837837837838,0.736559139784946,0.891304347826087,0.828877005347594,0.833333333333333,0.877777777777778,0.93010752688172,0.853260869565217,0.883928571428571,0.850877192982456,0.902654867256637,0.869047619047619,0.795454545454545,0.818181818181818,0.882352941176471,0.886363636363636,1,0.886363636363636,0.931818181818182,0.9,0.933333333333333,0.840764331210191,0.911764705882353,0.942307692307692,0.868512110726644,0.883495145631068,0.863057324840764,0.833876221498371,0.904153354632588,0.896774193548387,0.87741935483871,0.878892733564014,0.867158671586716,0.889261744966443,0.782178217821782,0.920962199312715,0.888157894736842,0.849420849420849,0.912903225806452,0.818481848184819,0.866438356164384,0.884210526315789,0.904918032786885,0.904153354632588,0.836601307189543,0.817757009345794
id10576,0.790163934426229,0.816993464052288,0.804347826086957,0.891696750902527,0.858736059479554,0.864583333333333,0.850993377483444,1,0.894389438943894,0.843137254901961,0.871794871794872,0.883333333333333,0.874576271186441,0.833887043189369,0.844370860927152,0.871287128712871,0.883333333333333,0.771428571428571,0.807692307692308,0.866666666666667,0.794444444444444,0.812865497076023,0.822222222222222,0.824561403508772,0.804469273743017,0.847457627118644,0.815642458100559,0.869318181818182,0.820224719101124,0.759776536312849,0.84180790960452,0.844444444444444,0.860335195530726,0.815028901734104,0.843575418994413,0.807909604519774,0.794117647058823,0.839622641509434,0.780952380952381,0.710526315789474,0.7625,0.8,0.766233766233766,0.75,1,0.7625,0.775,0.714285714285714,0.678571428571429,0.843137254901961,0.832214765100671,0.901960784313726,0.864768683274021,0.877483443708609,0.849673202614379,0.836120401337793,0.855737704918033,0.841059602649007,0.841059602649007,0.873239436619718,0.867924528301887,0.854671280276817,0.689419795221843,0.872791519434629,0.847972972972973,0.872509960159363,0.851485148514851,0.864864864864865,0.873684210526316,0.87410071942446,0.882154882154882,0.879084967320261,0.832214765100671,0.795121951219512
id10577,0.841772151898734,0.832807570977918,0.839721254355401,0.881533101045296,0.875444839857651,0.88628762541806,0.864951768488746,0.894389438943894,1,0.889589905362776,0.848056537102474,0.886731391585761,0.869281045751634,0.868589743589744,0.866242038216561,0.888178913738019,0.87378640776699,0.747311827956989,0.852272727272727,0.878947368421053,0.847368421052632,0.812154696132597,0.813829787234043,0.88268156424581,0.80952380952381,0.844919786096257,0.777777777777778,0.875675675675676,0.845744680851064,0.767195767195767,0.861702127659574,0.794736842105263,0.873015873015873,0.825136612021858,0.888888888888889,0.818181818181818,0.866071428571429,0.887931034482759,0.791304347826087,0.825581395348837,0.811111111111111,0.755555555555556,0.862068965517241,0.844444444444444,NaN,0.855555555555556,0.855555555555556,0.896551724137931,0.931034482758621,0.848580441640379,0.870550161812298,0.912621359223301,0.86986301369863,0.884615384615385,0.858044164037855,0.842443729903537,0.873417721518987,0.843450479233227,0.846645367412141,0.897260273972603,0.876363636363636,0.876666666666667,0.677631578947368,0.891156462585034,0.86970684039088,0.889312977099237,0.875399361022364,0.862745098039216,0.86734693877551,0.888888888888889,0.87987012987013,0.908227848101266,0.845161290322581,0.805555555555556
id10578,0.880877742946709,0.83125,0.868965517241379,0.86159169550173,0.872791519434629,0.927152317880795,0.910828025477707,0.843137254901961,0.889589905362776,1,0.884210526315789,0.871794871794872,0.867313915857605,0.86984126984127,0.848101265822785,0.920886075949367,0.887820512820513,0.775401069518717,0.855555555555556,0.885416666666667,0.927083333333333,0.830601092896175,0.8,0.895027624309392,0.806282722513089,0.82010582010582,0.790575916230366,0.903743315508021,0.831578947368421,0.743455497382199,0.888888888888889,0.8125,0.837696335078534,0.881081081081081,0.926701570680628,0.862433862433862,0.894736842105263,0.898305084745763,0.846153846153846,0.909090909090909,0.793478260869565,0.760869565217391,0.932584269662921,0.923913043478261,1,0.923913043478261,0.902173913043478,0.933333333333333,0.966666666666667,0.840625,0.935897435897436,0.951923076923077,0.894915254237288,0.901587301587302,0.859375,0.853035143769968,0.915360501567398,0.860759493670886,0.860759493670886,0.901694915254237,0.902527075812274,0.910891089108911,0.752442996742671,0.929292929292929,0.896774193548387,0.849056603773585,0.89873417721519,0.86084142394822,0.875420875420875,0.890034364261168,0.90032154340836,0.912225705329154,0.830128205128205,0.853881278538813
id10579,0.827464788732394,0.856140350877193,0.861538461538462,0.873239436619718,0.892857142857143,0.925093632958802,0.85663082437276,0.871794871794872,0.848056537102474,0.884210526315789,1,0.865248226950355,0.912408759124088,0.845070422535211,0.865724381625442,0.904929577464789,0.902877697841727,0.805194805194805,0.836065573770492,0.89171974522293,0.853503184713376,0.815286624203822,0.802547770700637,0.806666666666667,0.858974358974359,0.831168831168831,0.82051282051282,0.871794871794872,0.806451612903226,0.743589743589744,0.863636363636364,0.872611464968153,0.878205128205128,0.813333333333333,0.852564102564103,0.83974358974359,0.85,0.833333333333333,0.80952380952381,0.806451612903226,0.758064516129032,0.82258064516129,0.88135593220339,0.82258064516129,1,0.854838709677419,0.870967741935484,NaN,NaN,0.831578947368421,0.859712230215827,0.945652173913043,0.881226053639847,0.878571428571429,0.828070175438597,0.852517985611511,0.876760563380282,0.843971631205674,0.829181494661922,0.856060606060606,0.883458646616541,0.88929889298893,0.706959706959707,0.88212927756654,0.869565217391304,0.867521367521368,0.882562277580071,0.883636363636364,0.874074074074074,0.869230769230769,0.855595667870036,0.897887323943662,0.842293906810036,0.868421052631579
id10584,0.810289389067524,0.826923076923077,0.815602836879433,0.856643356643357,0.887272727272727,0.891156462585034,0.836601307189543,0.883333333333333,0.886731391585761,0.871794871794872,0.865248226950355,1,0.843853820598007,0.833876221498371,0.892857142857143,0.866883116883117,0.891803278688525,0.743016759776536,0.857142857142857,0.858695652173913,0.804347826086957,0.8,0.820652173913043,0.84,0.808743169398907,0.762430939226519,0.819672131147541,0.862637362637363,0.809782608695652,0.759562841530055,0.841530054644809,0.815217391304348,0.808743169398907,0.807909604519774,0.836065573770492,0.806629834254144,0.814814814814815,0.821428571428571,0.783783783783784,0.695121951219512,0.720930232558139,0.755813953488372,0.783132530120482,0.744186046511628,1,0.767441860465116,0.720930232558139,0.68,0.64,0.865384615384615,0.851973684210526,0.941747572815534,0.850174216027875,0.86970684039088,0.846153846153846,0.850162866449511,0.868167202572347,0.814935064935065,0.811688311688312,0.862542955326461,0.879120879120879,0.891525423728814,0.668896321070234,0.8719723183391,0.858552631578947,0.868217054263566,0.853896103896104,0.854304635761589,0.880546075085324,0.865724381625442,0.871287128712871,0.877813504823151,0.809210526315789,0.854460093896714
id10818,0.840909090909091,0.857605177993528,0.867383512544803,0.870503597122302,0.886029411764706,0.907216494845361,0.897689768976898,0.874576271186441,0.869281045751634,0.867313915857605,0.912408759124088,0.843853820598007,1,0.868421052631579,0.852459016393443,0.891803278688525,0.894039735099338,0.76271186440678,0.811111111111111,0.868131868131868,0.862637362637363,0.803468208092486,0.777777777777778,0.830409356725146,0.839779005524862,0.844444444444444,0.795580110497238,0.88135593220339,0.833333333333333,0.767955801104972,0.860335195530726,0.835164835164835,0.845303867403315,0.845714285714286,0.889502762430939,0.849162011173184,0.894736842105263,0.855932203389831,0.837606837606838,0.840909090909091,0.75,0.804347826086957,0.865168539325843,0.858695652173913,1,0.83695652173913,0.83695652173913,0.866666666666667,0.9,0.822006472491909,0.870431893687708,0.923076923076923,0.887323943661972,0.875,0.867313915857605,0.841059602649007,0.87012987012987,0.855737704918033,0.829508196721311,0.859154929577465,0.890977443609023,0.883959044368601,0.733108108108108,0.909090909090909,0.859531772575251,0.885826771653543,0.904918032786885,0.846153846153846,0.888111888111888,0.871886120996441,0.903333333333333,0.905844155844156,0.820598006644518,0.807339449541284
id11298,0.898089171974522,0.844444444444444,0.877622377622378,0.822916666666667,0.848920863309353,0.882154882154882,0.889967637540453,0.833887043189369,0.868589743589744,0.86984126984127,0.845070422535211,0.833876221498371,0.868421052631579,1,0.810289389067524,0.868167202572347,0.837133550488599,0.775956284153005,0.848837209302326,0.840425531914894,0.872340425531915,0.782122905027933,0.78494623655914,0.819209039548023,0.812834224598931,0.816216216216216,0.807486631016043,0.85792349726776,0.827956989247312,0.807486631016043,0.832432432432432,0.829787234042553,0.839572192513369,0.861878453038674,0.893048128342246,0.859459459459459,0.918181818181818,0.850877192982456,0.849557522123894,0.909090909090909,0.761363636363636,0.75,0.917647058823529,0.897727272727273,1,0.897727272727273,0.909090909090909,0.923076923076923,0.961538461538462,0.819047619047619,0.866449511400652,0.900990099009901,0.837931034482759,0.832258064516129,0.847619047619048,0.821428571428571,0.866242038216561,0.881028938906752,0.845659163987138,0.851724137931035,0.855072463768116,0.852842809364548,0.76158940397351,0.873287671232877,0.839344262295082,0.834615384615385,0.881028938906752,0.8,0.827702702702703,0.843205574912892,0.879084967320261,0.875796178343949,0.820846905537459,0.813084112149533
id11394,0.784126984126984,0.810126582278481,0.836236933797909,0.828671328671329,0.917562724014337,0.89261744966443,0.82258064516129,0.844370860927152,0.866242038216561,0.848101265822785,0.865724381625442,0.892857142857143,0.852459016393443,0.810289389067524,1,0.852564102564103,0.873376623376623,0.741935483870968,0.898876404494382,0.868421052631579,0.794736842105263,0.806629834254144,0.808510638297872,0.810055865921788,0.835978835978836,0.79144385026738,0.80952380952381,0.832432432432432,0.824468085106383,0.772486772486772,0.828877005347594,0.794736842105263,0.830687830687831,0.786885245901639,0.814814814814815,0.823529411764706,0.848214285714286,0.827586206896552,0.782608695652174,0.770114942528736,0.78021978021978,0.813186813186813,0.852272727272727,0.813186813186813,1,0.824175824175824,0.802197802197802,0.862068965517241,0.827586206896552,0.838607594936709,0.831168831168831,0.920792079207921,0.862542955326461,0.855305466237942,0.841772151898734,0.880258899676375,0.838095238095238,0.788461538461538,0.78525641025641,0.838487972508591,0.864963503649635,0.862876254180602,0.66996699669967,0.863481228668942,0.866013071895425,0.873563218390805,0.862179487179487,0.881967213114754,0.870307167235495,0.853658536585366,0.86970684039088,0.879365079365079,0.766990291262136,0.856481481481482
id11395,0.863492063492064,0.85126582278481,0.878048780487805,0.885017421602787,0.899641577060932,0.922818791946309,0.916129032258065,0.871287128712871,0.888178913738019,0.920886075949367,0.904929577464789,0.866883116883117,0.891803278688525,0.868167202572347,0.852564102564103,1,0.909090909090909,0.771739130434783,0.818181818181818,0.862433862433862,0.904761904761905,0.846153846153846,0.764705882352941,0.876404494382023,0.835106382978723,0.817204301075269,0.75531914893617,0.902173913043478,0.818181818181818,0.734042553191489,0.887096774193548,0.862433862433862,0.845744680851064,0.884615384615385,0.925531914893617,0.849462365591398,0.882882882882883,0.869565217391304,0.885964912280702,0.883720930232558,0.755555555555556,0.766666666666667,0.908045977011494,0.877777777777778,1,0.9,0.9,0.928571428571429,0.964285714285714,0.85126582278481,0.909090909090909,0.950980392156863,0.903780068728522,0.903536977491961,0.873417721518987,0.864077669902913,0.923809523809524,0.846153846153846,0.865384615384615,0.890034364261168,0.883636363636364,0.909698996655518,0.749174917491749,0.935153583617747,0.908496732026144,0.877394636015326,0.919871794871795,0.849180327868852,0.897610921501707,0.909722222222222,0.905537459283388,0.920634920634921,0.853896103896104,0.851851851851852
id11396,0.829581993569132,0.836538461538462,0.868794326241135,0.879432624113475,0.916363636363636,0.928571428571429,0.882352941176471,0.883333333333333,0.87378640776699,0.887820512820513,0.902877697841727,0.891803278688525,0.894039735099338,0.837133550488599,0.873376623376623,0.909090909090909,1,0.743016759776536,0.870588235294118,0.929347826086957,0.875,0.857142857142857,0.807692307692308,0.867052023121387,0.885245901639344,0.839779005524862,0.830601092896175,0.911111111111111,0.851648351648352,0.786885245901639,0.883977900552486,0.880434782608696,0.868852459016393,0.824858757062147,0.91304347826087,0.861878453038674,0.862385321100917,0.867256637168142,0.8125,0.843373493975904,0.735632183908046,0.816091954022989,0.892857142857143,0.839080459770115,1,0.862068965517241,0.885057471264368,0.862068965517241,0.896551724137931,0.858974358974359,0.891447368421053,0.932038834951456,0.916955017301038,0.918831168831169,0.855769230769231,0.885245901639344,0.922829581993569,0.818181818181818,0.808441558441558,0.881533101045296,0.9182156133829,0.928813559322034,0.716666666666667,0.941379310344828,0.903973509933775,0.857142857142857,0.899350649350649,0.870431893687708,0.937931034482759,0.929328621908127,0.897689768976898,0.938906752411576,0.815789473684211,0.873831775700935
id11398,0.770053475935829,0.812834224598931,0.795031055900621,0.770700636942675,0.746666666666667,0.775147928994083,0.771739130434783,0.771428571428571,0.747311827956989,0.775401069518717,0.805194805194805,0.743016759776536,0.76271186440678,0.775956284153005,0.741935483870968,0.771739130434783,0.743016759776536,1,0.804597701149425,0.775401069518717,0.786096256684492,0.752808988764045,0.805405405405405,0.755681818181818,0.752688172043011,0.805405405405405,0.768817204301075,0.758241758241758,0.837837837837838,0.752688172043011,0.798913043478261,0.775401069518717,0.801075268817204,0.772222222222222,0.752688172043011,0.843243243243243,0.774774774774775,0.831858407079646,0.805309734513274,0.729411764705882,0.797752808988764,0.786516853932584,0.790697674418605,0.752808988764045,1,0.741573033707865,0.786516853932584,0.724137931034483,0.758620689655172,0.780748663101604,0.767955801104972,0.710526315789474,0.727272727272727,0.744565217391304,0.759358288770054,0.779005524861878,0.693548387096774,0.770053475935829,0.816216216216216,0.765060240963855,0.767123287671233,0.745664739884393,0.709497206703911,0.729885057471264,0.766666666666667,0.776978417266187,0.770491803278688,0.756756756756757,0.728323699421965,0.757062146892655,0.764044943820225,0.774193548387097,0.751381215469613,0.715909090909091
id11445,0.811111111111111,0.822222222222222,0.775280898876405,0.80327868852459,0.847058823529412,0.888888888888889,0.813953488372093,0.807692307692308,0.852272727272727,0.855555555555556,0.836065573770492,0.857142857142857,0.811111111111111,0.848837209302326,0.898876404494382,0.818181818181818,0.870588235294118,0.804597701149425,1,0.888888888888889,0.833333333333333,0.841463414634146,0.863636363636364,0.85,0.866666666666667,0.853932584269663,0.9,0.895348837209302,0.911111111111111,0.820224719101124,0.876404494382023,0.877777777777778,0.888888888888889,0.833333333333333,0.866666666666667,0.943181818181818,0.906976744186046,0.877777777777778,0.777777777777778,0.802325581395349,0.8,0.788888888888889,0.873563218390805,0.844444444444444,1,0.844444444444444,0.844444444444444,0.931034482758621,0.896551724137931,0.8,0.887640449438202,1,0.842696629213483,0.875,0.822222222222222,0.863636363636364,0.777777777777778,0.766666666666667,0.75,0.857142857142857,0.850746268656716,0.873563218390805,0.686046511627907,0.875,0.840909090909091,0.86,0.848837209302326,0.876404494382023,0.858974358974359,0.894117647058824,0.864197530864197,0.887640449438202,0.797619047619048,0.842696629213483
id14189,0.796875,0.791666666666667,0.829268292682927,0.826086956521739,0.851612903225806,0.936781609195402,0.866310160427808,0.866666666666667,0.878947368421053,0.885416666666667,0.89171974522293,0.858695652173913,0.868131868131868,0.840425531914894,0.868421052631579,0.862433862433862,0.929347826086957,0.775401069518717,0.888888888888889,1,0.885416666666667,0.868852459016393,0.842105263157895,0.87292817679558,0.869109947643979,0.851851851851852,0.853403141361257,0.925133689839572,0.873684210526316,0.790575916230366,0.91005291005291,0.854166666666667,0.900523560209424,0.837837837837838,0.916230366492147,0.888888888888889,0.894736842105263,0.898305084745763,0.846153846153846,0.852272727272727,0.782608695652174,0.815217391304348,0.932584269662921,0.891304347826087,1,0.91304347826087,0.91304347826087,0.966666666666667,1,0.802083333333333,0.876344086021505,0.95,0.892857142857143,0.899470899470899,0.833333333333333,0.860215053763441,0.869109947643979,0.806282722513089,0.794736842105263,0.883040935672515,0.873333333333333,0.887640449438202,0.677595628415301,0.910614525139665,0.881081081081081,0.819444444444444,0.888297872340426,0.873684210526316,0.88135593220339,0.879120879120879,0.896174863387978,0.926701570680628,0.789189189189189,0.791208791208791
id14192,0.859375,0.791666666666667,0.878048780487805,0.788819875776398,0.812903225806452,0.873563218390805,0.919786096256685,0.794444444444444,0.847368421052632,0.927083333333333,0.853503184713376,0.804347826086957,0.862637362637363,0.872340425531915,0.794736842105263,0.904761904761905,0.875,0.786096256684492,0.833333333333333,0.885416666666667,1,0.825136612021858,0.778947368421053,0.878453038674033,0.816753926701571,0.82010582010582,0.790575916230366,0.903743315508021,0.831578947368421,0.769633507853403,0.91005291005291,0.84375,0.837696335078534,0.881081081081081,0.947643979057592,0.883597883597884,0.912280701754386,0.88135593220339,0.88034188034188,0.909090909090909,0.771739130434783,0.760869565217391,0.898876404494382,0.902173913043478,1,0.923913043478261,0.902173913043478,0.966666666666667,1,0.760416666666667,0.924731182795699,0.95,0.863095238095238,0.904761904761905,0.833333333333333,0.806451612903226,0.900523560209424,0.848167539267016,0.847368421052632,0.87719298245614,0.88,0.893258426966292,0.748633879781421,0.927374301675978,0.908108108108108,0.791666666666667,0.893617021276596,0.821052631578947,0.858757062146893,0.895604395604396,0.896174863387978,0.905759162303665,0.767567567567568,0.758241758241758
id14437,0.765027322404372,0.754098360655738,0.761290322580645,0.813664596273292,0.835616438356164,0.878787878787879,0.825842696629214,0.812865497076023,0.812154696132597,0.830601092896175,0.815286624203822,0.8,0.803468208092486,0.782122905027933,0.806629834254144,0.846153846153846,0.857142857142857,0.752808988764045,0.841463414634146,0.868852459016393,0.825136612021858,1,0.767955801104972,0.848837209302326,0.840659340659341,0.794444444444444,0.747252747252747,0.910112359550562,0.834254143646409,0.736263736263736,0.861111111111111,0.825136612021858,0.82967032967033,0.823863636363636,0.868131868131868,0.827777777777778,0.847619047619048,0.871559633027523,0.851851851851852,0.79746835443038,0.771084337349398,0.734939759036145,0.875,0.843373493975904,1,0.867469879518072,0.879518072289157,0.857142857142857,0.904761904761905,0.743169398907104,0.847457627118644,1,0.842767295597484,0.85,0.825136612021858,0.796610169491525,0.840659340659341,0.78021978021978,0.767955801104972,0.833333333333333,0.86,0.834319526627219,0.752873563218391,0.876470588235294,0.863636363636364,0.798561151079137,0.88268156424581,0.834254143646409,0.845238095238095,0.878612716763006,0.85632183908046,0.879120879120879,0.727272727272727,0.780487804878049
id14438,0.763157894736842,0.747368421052632,0.783950617283951,0.751552795031056,0.790849673202614,0.831395348837209,0.8,0.822222222222222,0.813829787234043,0.8,0.802547770700637,0.820652173913043,0.777777777777778,0.78494623655914,0.808510638297872,0.764705882352941,0.807692307692308,0.805405405405405,0.863636363636364,0.842105263157895,0.778947368421053,0.767955801104972,1,0.782122905027933,0.804232804232804,0.828877005347594,0.788359788359788,0.789189189189189,0.851063829787234,0.777777777777778,0.823529411764706,0.8,0.851851851851852,0.775956284153005,0.777777777777778,0.839572192513369,0.776785714285714,0.801724137931034,0.747826086956522,0.709302325581395,0.833333333333333,0.811111111111111,0.770114942528736,0.755555555555556,1,0.755555555555556,0.8,0.892857142857143,0.857142857142857,0.789473684210526,0.782608695652174,0.775,0.734939759036145,0.807486631016043,0.773684210526316,0.804347826086957,0.73015873015873,0.798941798941799,0.781914893617021,0.824561403508772,0.773333333333333,0.784090909090909,0.629834254143646,0.785310734463277,0.748633879781421,0.816901408450704,0.78494623655914,0.798941798941799,0.779661016949153,0.755555555555556,0.790055248618785,0.788359788359788,0.770491803278688,0.741573033707865
id14439,0.823204419889503,0.795580110497238,0.797385620915033,0.869281045751634,0.826388888888889,0.907975460122699,0.865168539325843,0.824561403508772,0.88268156424581,0.895027624309392,0.806666666666667,0.84,0.830409356725146,0.819209039548023,0.810055865921788,0.876404494382023,0.867052023121387,0.755681818181818,0.85,0.87292817679558,0.878453038674033,0.848837209302326,0.782122905027933,1,0.827777777777778,0.820224719101124,0.788888888888889,0.893854748603352,0.82122905027933,0.75,0.893258426966292,0.806629834254144,0.855555555555556,0.862068965517241,0.916666666666667,0.825842696629214,0.894230769230769,0.888888888888889,0.850467289719626,0.833333333333333,0.74390243902439,0.719512195121951,0.89873417721519,0.853658536585366,1,0.902439024390244,0.853658536585366,0.925925925925926,0.962962962962963,0.81767955801105,0.909090909090909,0.973684210526316,0.878980891719745,0.893258426966292,0.81767955801105,0.817142857142857,0.883333333333333,0.8,0.849162011173184,0.882716049382716,0.887323943661972,0.904761904761905,0.716763005780347,0.922619047619048,0.908045977011494,0.804347826086957,0.882022471910112,0.871508379888268,0.859649122807018,0.912280701754386,0.883720930232558,0.905555555555556,0.811428571428571,0.728395061728395
id14441,0.780104712041885,0.795811518324607,0.798780487804878,0.8,0.850649350649351,0.907514450867052,0.811827956989247,0.804469273743017,0.80952380952381,0.806282722513089,0.858974358974359,0.808743169398907,0.839779005524862,0.812834224598931,0.835978835978836,0.835106382978723,0.885245901639344,0.752688172043011,0.866666666666667,0.869109947643979,0.816753926701571,0.840659340659341,0.804232804232804,0.827777777777778,1,0.803191489361702,0.794736842105263,0.865591397849462,0.814814814814815,0.773684210526316,0.851063829787234,0.848167539267016,0.852631578947368,0.798913043478261,0.857894736842105,0.835106382978723,0.867256637168142,0.811965811965812,0.810344827586207,0.806818181818182,0.760869565217391,0.793478260869565,0.865168539325843,0.826086956521739,1,0.847826086956522,0.869565217391304,0.933333333333333,0.9,0.774869109947644,0.816216216216216,0.85,0.857142857142857,0.867021276595745,0.816753926701571,0.810810810810811,0.821052631578947,0.757894736842105,0.746031746031746,0.788235294117647,0.818791946308725,0.847457627118644,0.714285714285714,0.853932584269663,0.842391304347826,0.833333333333333,0.86096256684492,0.830687830687831,0.852272727272727,0.867403314917127,0.851648351648352,0.878947368421053,0.760869565217391,0.835164835164835
id14443,0.788359788359788,0.82010582010582,0.796296296296296,0.854430379746835,0.809210526315789,0.853801169590643,0.793478260869565,0.847457627118644,0.844919786096257,0.82010582010582,0.831168831168831,0.762430939226519,0.844444444444444,0.816216216216216,0.79144385026738,0.817204301075269,0.839779005524862,0.805405405405405,0.853932584269663,0.851851851851852,0.82010582010582,0.794444444444444,0.828877005347594,0.820224719101124,0.803191489361702,1,0.776595744680851,0.83695652173913,0.850267379679144,0.797872340425532,0.82258064516129,0.830687830687831,0.914893617021277,0.78021978021978,0.840425531914894,0.833333333333333,0.866071428571429,0.887931034482759,0.782608695652174,0.827586206896552,0.802197802197802,0.769230769230769,0.863636363636364,0.813186813186813,1,0.857142857142857,0.879120879120879,0.866666666666667,0.9,0.798941798941799,0.80327868852459,0.871794871794872,0.837349397590361,0.838709677419355,0.82010582010582,0.830601092896175,0.792553191489362,0.803191489361702,0.786096256684492,0.821428571428571,0.877551020408163,0.851428571428571,0.655555555555556,0.835227272727273,0.802197802197802,0.829787234042553,0.827027027027027,0.823529411764706,0.8,0.810055865921788,0.85,0.861702127659574,0.791208791208791,0.744444444444444
id14444,0.764397905759162,0.769633507853403,0.760736196319018,0.75625,0.785714285714286,0.838150289017341,0.768817204301075,0.815642458100559,0.777777777777778,0.790575916230366,0.82051282051282,0.819672131147541,0.795580110497238,0.807486631016043,0.80952380952381,0.75531914893617,0.830601092896175,0.768817204301075,0.9,0.853403141361257,0.790575916230366,0.747252747252747,0.788359788359788,0.788888888888889,0.794736842105263,0.776595744680851,1,0.833333333333333,0.841269841269841,0.747368421052632,0.824468085106383,0.842931937172775,0.831578947368421,0.766304347826087,0.815789473684211,0.829787234042553,0.87719298245614,0.847457627118644,0.794871794871795,0.795454545454545,0.771739130434783,0.826086956521739,0.853932584269663,0.83695652173913,1,0.83695652173913,0.83695652173913,0.866666666666667,0.833333333333333,0.738219895287958,0.783783783783784,0.875,0.802395209580838,0.792553191489362,0.769633507853403,0.8,0.773684210526316,0.763157894736842,0.73015873015873,0.752941176470588,0.825503355704698,0.80225988700565,0.653846153846154,0.814606741573034,0.793478260869565,0.784722222222222,0.818181818181818,0.798941798941799,0.784090909090909,0.81767955801105,0.796703296703297,0.821052631578947,0.75,0.802197802197802
id14445,0.834224598930481,0.828877005347594,0.836477987421384,0.842767295597484,0.86,0.940828402366864,0.895604395604396,0.869318181818182,0.875675675675676,0.903743315508021,0.871794871794872,0.862637362637363,0.88135593220339,0.85792349726776,0.832432432432432,0.902173913043478,0.911111111111111,0.758241758241758,0.895348837209302,0.925133689839572,0.903743315508021,0.910112359550562,0.789189189189189,0.893854748603352,0.865591397849462,0.83695652173913,0.833333333333333,1,0.87027027027027,0.774193548387097,0.918478260869565,0.871657754010695,0.881720430107527,0.894444444444444,0.946236559139785,0.885869565217391,0.927272727272727,0.894736842105263,0.858407079646018,0.857142857142857,0.784090909090909,0.772727272727273,0.929411764705882,0.897727272727273,1,0.920454545454545,0.897727272727273,0.925925925925926,0.962962962962963,0.818181818181818,0.917582417582418,1,0.907975460122699,0.902173913043478,0.866310160427808,0.834254143646409,0.897849462365591,0.854838709677419,0.821621621621622,0.869047619047619,0.91156462585034,0.913294797687861,0.709497206703911,0.942528735632184,0.911111111111111,0.827338129496403,0.92896174863388,0.837837837837838,0.902298850574713,0.92090395480226,0.904494382022472,0.946236559139785,0.794444444444444,0.793103448275862
id14447,0.805263157894737,0.8,0.808641975308642,0.830188679245283,0.830065359477124,0.86046511627907,0.837837837837838,0.820224719101124,0.845744680851064,0.831578947368421,0.806451612903226,0.809782608695652,0.833333333333333,0.827956989247312,0.824468085106383,0.818181818181818,0.851648351648352,0.837837837837838,0.911111111111111,0.873684210526316,0.831578947368421,0.834254143646409,0.851063829787234,0.82122905027933,0.814814814814815,0.850267379679144,0.841269841269841,0.87027027027027,1,0.756613756613757,0.867724867724868,0.831578947368421,0.888888888888889,0.814207650273224,0.862433862433862,0.909090909090909,0.885964912280702,0.855932203389831,0.803418803418803,0.806818181818182,0.847826086956522,0.815217391304348,0.853932584269663,0.847826086956522,1,0.847826086956522,0.869565217391304,0.933333333333333,0.966666666666667,0.789473684210526,0.847826086956522,0.875,0.831325301204819,0.839572192513369,0.831578947368421,0.854838709677419,0.814814814814815,0.793650793650794,0.781914893617021,0.834319526627219,0.824324324324324,0.835227272727273,0.657458563535912,0.864406779661017,0.854054054054054,0.852112676056338,0.876344086021505,0.808510638297872,0.857142857142857,0.872222222222222,0.87292817679558,0.862433862433862,0.765027322404372,0.747252747252747
id14448,0.74869109947644,0.759162303664921,0.754601226993865,0.74375,0.818181818181818,0.803468208092486,0.736559139784946,0.759776536312849,0.767195767195767,0.743455497382199,0.743589743589744,0.759562841530055,0.767955801104972,0.807486631016043,0.772486772486772,0.734042553191489,0.786885245901639,0.752688172043011,0.820224719101124,0.790575916230366,0.769633507853403,0.736263736263736,0.777777777777778,0.75,0.773684210526316,0.797872340425532,0.747368421052632,0.774193548387097,0.756613756613757,1,0.75531914893617,0.74869109947644,0.773684210526316,0.760869565217391,0.778947368421053,0.787234042553192,0.805309734513274,0.803418803418803,0.71551724137931,0.747126436781609,0.747252747252747,0.747252747252747,0.772727272727273,0.725274725274725,0,0.736263736263736,0.758241758241758,0.8,0.766666666666667,0.774869109947644,0.751351351351351,0.769230769230769,0.790419161676647,0.771276595744681,0.717277486910995,0.778378378378378,0.742105263157895,0.752631578947368,0.735449735449735,0.752941176470588,0.818791946308725,0.796610169491525,0.67032967032967,0.754189944134078,0.782608695652174,0.736111111111111,0.759358288770054,0.788359788359788,0.778409090909091,0.767955801104972,0.78021978021978,0.789473684210526,0.75,0.755555555555556
id14761,0.830687830687831,0.804232804232804,0.850931677018634,0.822784810126582,0.836601307189543,0.91812865497076,0.891304347826087,0.84180790960452,0.861702127659574,0.888888888888889,0.863636363636364,0.841530054644809,0.860335195530726,0.832432432432432,0.828877005347594,0.887096774193548,0.883977900552486,0.798913043478261,0.876404494382023,0.91005291005291,0.91005291005291,0.861111111111111,0.823529411764706,0.893258426966292,0.851063829787234,0.82258064516129,0.824468085106383,0.918478260869565,0.867724867724868,0.75531914893617,1,0.857142857142857,0.872340425531915,0.857142857142857,0.920212765957447,0.908602150537634,0.876106194690266,0.88034188034188,0.879310344827586,0.816091954022989,0.813186813186813,0.824175824175824,0.886363636363636,0.857142857142857,NaN,0.879120879120879,0.857142857142857,1,0.966666666666667,0.814814814814815,0.901639344262295,0.95,0.878787878787879,0.908602150537634,0.825396825396825,0.821621621621622,0.872340425531915,0.840425531914894,0.839572192513369,0.839285714285714,0.850340136054422,0.897142857142857,0.733333333333333,0.914772727272727,0.891304347826087,0.836879432624113,0.891891891891892,0.844919786096257,0.850574712643678,0.888268156424581,0.888888888888889,0.909574468085106,0.769230769230769,0.822222222222222
