Row,id10568,id10570,id10571,id10573,id10574,id10575,id10576,id10577,id10578,id10584,id10818,id11298,id11394,id11395,id11396,id11398,id11445,id12223,id14189,id14191,id14192,id14436,id14437,id14438,id14439,id14440,id14441,id14442,id14443,id14444,id14445,id14446,id14447,id14448,id14761,id14762,id14764,id14766,id14767,id14768,id16085,id16115,id16175,id16530,id16537,id16538,id16701,id16702,id16703,id16704,id16801,id16807,id17692,id17750,id17791,id5482,id5483,id5489,id5492,id5493,id5494,id5497,id5498,id5499,id5500,id5502,id5506,id5508,id5509,id5510,id5513,id5514,id5515,id5518,id5519,id5524,id5527,id5528,id5532,id5533,id5536,id5537,id5539,id5543,id5544,id5546,id5549,id5553,id5556,id5557,id5560,id5565,id5566,id5567,id5568,id5569,id5570,id5571,id5573,id5576,id5624
id10568,1,0.804511278195489,0.823529411764706,0.812227074235808,0.862903225806452,0.877394636015326,0.774703557312253,0.828897338403042,0.860902255639098,0.786821705426357,0.831372549019608,0.885057471264368,0.767175572519084,0.851145038167939,0.813953488372093,0.770053475935829,0.811111111111111,0.3375,0.796875,0.442622950819672,0.859375,0.521276595744681,0.765027322404372,0.763157894736842,0.823204419889503,0.486033519553073,0.780104712041885,0.516304347826087,0.788359788359788,0.764397905759162,0.834224598930481,0.405263157894737,0.805263157894737,0.74869109947644,0.830687830687831,0.786458333333333,0.806282722513089,0.821621621621622,0.869109947643979,0.825396825396825,0.87719298245614,0.830508474576271,0.811965811965812,0.886363636363636,0.815217391304348,0.760869565217391,0.876404494382023,0.858695652173913,0.478260869565217,1,0.83695652173913,0.83695652173913,0.233333333333333,0.966666666666667,1,0.416988416988417,0.800751879699248,0.545454545454545,0.370833333333333,0.891472868217054,0.376068376068376,0.845238095238095,0.448669201520913,0.501915708812261,0.471264367816092,0.826446280991736,0.425,0.683018867924528,0.812977099236641,0.819548872180451,0.77992277992278,0.837735849056604,0.862595419847328,0.383886255924171,0.862595419847328,0.805785123966942,0.820627802690583,0.524229074889868,0.459016393442623,0.432330827067669,0.843373493975904,0.754863813229572,0.861224489795918,0.375494071146245,0.833333333333333,0.815668202764977,0.396887159533074,0.375,0.321705426356589,0.862595419847328,0.788235294117647,0.80241935483871,0.369230769230769,0.842105263157895,0.635071090047393,0.515151515151515,0.828793774319066,0.849056603773585,0.806201550387597,0.793939393939394,0.463541666666667
id10570,0.804511278195489,1,0.819327731092437,0.847161572052402,0.858870967741936,0.81992337164751,0.802371541501976,0.828897338403042,0.815789473684211,0.817829457364341,0.843137254901961,0.835249042145594,0.793893129770992,0.83587786259542,0.821705426356589,0.812834224598931,0.822222222222222,0.333333333333333,0.791666666666667,0.415300546448087,0.791666666666667,0.5,0.754098360655738,0.747368421052632,0.795580110497238,0.407821229050279,0.795811518324607,0.472826086956522,0.82010582010582,0.769633507853403,0.828877005347594,0.336842105263158,0.8,0.759162303664921,0.804232804232804,0.802083333333333,0.827225130890052,0.783783783783784,0.790575916230366,0.814814814814815,0.842105263157895,0.822033898305085,0.752136752136752,0.738636363636364,0.717391304347826,0.728260869565217,0.797752808988764,0.739130434782609,0.402173913043478,1,0.760869565217391,0.760869565217391,0.333333333333333,0.8,0.833333333333333,0.378378378378378,0.830827067669173,0.496212121212121,0.354166666666667,0.802325581395349,0.393162393162393,0.928571428571429,0.437262357414449,0.42911877394636,0.444444444444444,0.818181818181818,0.375,0.6,0.793893129770992,0.827067669172932,0.803088803088803,0.788679245283019,0.809160305343511,0.327014218009479,0.786259541984733,0.826446280991736,0.825112107623318,0.506607929515419,0.430327868852459,0.402255639097744,0.823293172690763,0.731517509727626,0.808163265306122,0.33596837944664,0.813953488372093,0.861751152073733,0.373540856031128,0.403225806451613,0.321705426356589,0.83206106870229,0.772549019607843,0.818548387096774,0.311538461538462,0.805668016194332,0.601895734597156,0.492424242424242,0.809338521400778,0.833962264150943,0.806201550387597,0.818181818181818,0.427083333333333
id10571,0.823529411764706,0.819327731092437,1,0.847290640394089,0.845454545454545,0.854077253218884,0.777777777777778,0.829787234042553,0.852941176470588,0.795652173913043,0.845814977973568,0.867521367521368,0.817021276595745,0.851063829787234,0.843478260869565,0.795031055900621,0.775280898876405,0.327272727272727,0.829268292682927,0.4,0.878048780487805,0.509316770186335,0.761290322580645,0.783950617283951,0.797385620915033,0.431372549019608,0.798780487804878,0.49685534591195,0.796296296296296,0.760736196319018,0.836477987421384,0.358024691358025,0.808641975308642,0.754601226993865,0.850931677018634,0.823170731707317,0.797546012269939,0.821656050955414,0.858895705521472,0.87037037037037,0.852272727272727,0.793478260869565,0.847826086956522,0.840909090909091,0.758241758241758,0.791208791208791,0.875,0.824175824175824,0.538461538461538,1,0.846153846153846,0.857142857142857,0.344827586206897,0.862068965517241,0.896551724137931,0.405172413793103,0.777310924369748,0.51271186440678,0.345794392523364,0.836206896551724,0.368932038834951,0.88,0.421276595744681,0.463519313304721,0.407725321888412,0.849785407725322,0.403755868544601,0.641350210970464,0.825531914893617,0.80672268907563,0.793103448275862,0.831223628691983,0.821276595744681,0.32258064516129,0.807692307692308,0.828054298642534,0.826530612244898,0.52093023255814,0.419354838709677,0.378151260504202,0.819004524886878,0.722943722943723,0.861751152073733,0.337777777777778,0.844155844155844,0.831578947368421,0.362445414847162,0.345454545454545,0.3,0.876068376068376,0.806167400881057,0.81981981981982,0.318965517241379,0.840909090909091,0.614213197969543,0.504237288135593,0.842794759825327,0.860759493670886,0.744588744588745,0.774390243902439,0.451219512195122
id10573,0.812227074235808,0.847161572052402,0.847290640394089,1,0.895196506550218,0.848214285714286,0.842592592592593,0.863436123348018,0.864628820960699,0.873303167420814,0.86697247706422,0.830357142857143,0.906666666666667,0.884444444444444,0.909502262443439,0.746666666666667,0.847058823529412,0.248780487804878,0.851612903225806,0.380952380952381,0.812903225806452,0.496688741721854,0.835616438356164,0.790849673202614,0.826388888888889,0.381944444444444,0.850649350649351,0.45578231292517,0.809210526315789,0.785714285714286,0.86,0.300653594771242,0.830065359477124,0.818181818181818,0.836601307189543,0.812903225806452,0.864516129032258,0.803921568627451,0.844155844155844,0.843137254901961,0.811320754716981,0.809090909090909,0.798165137614679,0.783132530120482,0.770114942528736,0.793103448275862,0.845238095238095,0.781609195402299,0.459770114942529,NaN,0.816091954022989,0.804597701149425,0.346153846153846,0.769230769230769,0.769230769230769,0.364864864864865,0.847161572052402,0.456140350877193,0.29951690821256,0.847533632286996,0.346733668341709,0.907894736842105,0.387665198237885,0.418502202643172,0.424778761061947,0.882926829268293,0.349753694581281,0.631578947368421,0.875555555555556,0.851528384279476,0.86036036036036,0.873362445414847,0.791111111111111,0.282485875706215,0.773333333333333,0.859903381642512,0.888349514563107,0.546875,0.395555555555556,0.314410480349345,0.89622641509434,0.702702702702703,0.894736842105263,0.276497695852535,0.895927601809955,0.869565217391304,0.290178571428571,0.334905660377358,0.265765765765766,0.862222222222222,0.853211009174312,0.900473933649289,0.263392857142857,0.884792626728111,0.642045454545455,0.478070175438596,0.859090909090909,0.916666666666667,0.791855203619909,0.8375,0.4
id10574,0.862903225806452,0.858870967741936,0.845454545454545,0.895196506550218,1,0.897119341563786,0.85531914893617,0.881632653061225,0.919354838709677,0.883333333333333,0.89873417721519,0.868312757201646,0.889344262295082,0.909836065573771,0.920833333333333,0.775147928994083,0.888888888888889,0.252252252252252,0.936781609195402,0.375757575757576,0.873563218390805,0.464705882352941,0.878787878787879,0.831395348837209,0.907975460122699,0.41358024691358,0.907514450867052,0.451807228915663,0.853801169590643,0.838150289017341,0.940828402366864,0.284883720930233,0.86046511627907,0.803468208092486,0.91812865497076,0.844827586206897,0.913294797687861,0.862275449101796,0.92485549132948,0.888888888888889,0.912280701754386,0.872881355932203,0.854700854700855,0.852272727272727,0.804347826086957,0.815217391304348,0.921348314606742,0.891304347826087,0.467391304347826,1,0.91304347826087,0.891304347826087,0.233333333333333,0.966666666666667,1,0.356846473029046,0.866935483870968,0.48780487804878,0.306306306306306,0.904166666666667,0.333333333333333,0.987341772151899,0.387755102040816,0.444444444444444,0.419753086419753,0.915178571428571,0.369369369369369,0.62753036437247,0.897540983606557,0.875,0.887966804979253,0.894736842105263,0.848360655737705,0.282051282051282,0.807377049180328,0.875,0.901345291479821,0.502392344497608,0.401639344262295,0.330645161290323,0.935064935064935,0.744769874476987,0.938325991189427,0.285106382978723,0.9125,0.876237623762376,0.296296296296296,0.316017316017316,0.266666666666667,0.918032786885246,0.89873417721519,0.908695652173913,0.272727272727273,0.903930131004367,0.590673575129534,0.48780487804878,0.899581589958159,0.94331983805668,0.833333333333333,0.860606060606061,0.373563218390805
id10575,0.877394636015326,0.81992337164751,0.854077253218884,0.848214285714286,0.897119341563786,1,0.84,0.868217054263566,0.911877394636015,0.8300395256917,0.892,0.890625,0.809338521400778,0.906614785992218,0.869565217391304,0.771739130434783,0.813953488372093,0.323404255319149,0.866310160427808,0.455056179775281,0.919786096256685,0.551912568306011,0.825842696629214,0.8,0.865168539325843,0.482758620689655,0.811827956989247,0.525139664804469,0.793478260869565,0.768817204301075,0.895604395604396,0.372972972972973,0.837837837837838,0.736559139784946,0.891304347826087,0.828877005347594,0.833333333333333,0.877777777777778,0.93010752688172,0.853260869565217,0.883928571428571,0.850877192982456,0.902654867256637,0.869047619047619,0.795454545454545,0.818181818181818,0.882352941176471,0.886363636363636,0.545454545454545,1,0.886363636363636,0.931818181818182,0.233333333333333,0.9,0.933333333333333,0.405511811023622,0.823754789272031,0.528957528957529,0.347457627118644,0.91304347826087,0.349344978165939,0.94047619047619,0.430232558139535,0.49609375,0.44921875,0.860759493670886,0.415254237288136,0.684615384615385,0.883268482490272,0.862068965517241,0.81496062992126,0.896153846153846,0.898832684824903,0.358851674641148,0.875486381322957,0.881856540084388,0.86697247706422,0.524663677130045,0.447698744769874,0.406130268199234,0.877551020408163,0.782608695652174,0.916666666666667,0.353413654618474,0.885375494071146,0.844339622641509,0.361111111111111,0.37037037037037,0.312252964426877,0.910505836575875,0.812,0.8559670781893,0.328125,0.880165289256198,0.632850241545894,0.532818532818533,0.900793650793651,0.9,0.8300395256917,0.77639751552795,0.449197860962567
id10576,0.774703557312253,0.802371541501976,0.777777777777778,0.842592592592593,0.85531914893617,0.84,1,0.892,0.837944664031621,0.878542510121457,0.863636363636364,0.830645161290323,0.819277108433735,0.86,0.874493927125506,0.771428571428571,0.807692307692308,0.292576419213974,0.866666666666667,0.36046511627907,0.794444444444444,0.465909090909091,0.812865497076023,0.822222222222222,0.824561403508772,0.410714285714286,0.804469273743017,0.468208092485549,0.847457627118644,0.815642458100559,0.869318181818182,0.325842696629214,0.820224719101124,0.759776536312849,0.84180790960452,0.844444444444444,0.860335195530726,0.815028901734104,0.843575418994413,0.807909604519774,0.794117647058823,0.839622641509434,0.780952380952381,0.710526315789474,0.7625,0.8,0.766233766233766,0.75,0.4125,1,0.7625,0.775,0.285714285714286,0.714285714285714,0.678571428571429,0.361788617886179,0.83399209486166,0.474103585657371,0.31140350877193,0.824489795918367,0.346846846846847,0.891566265060241,0.368,0.415322580645161,0.383064516129032,0.847161572052402,0.356828193832599,0.591269841269841,0.868,0.83399209486166,0.82520325203252,0.845238095238095,0.831325301204819,0.316831683168317,0.831325301204819,0.862068965517241,0.863207547169811,0.516129032258065,0.398268398268398,0.359683794466403,0.843220338983051,0.676229508196721,0.857758620689655,0.291666666666667,0.836734693877551,0.862745098039216,0.314285714285714,0.354430379746835,0.268292682926829,0.836,0.847736625514403,0.856540084388186,0.295546558704453,0.868085106382979,0.6,0.470119521912351,0.872950819672131,0.877470355731225,0.828571428571429,0.756578947368421,0.383333333333333
id10577,0.828897338403042,0.828897338403042,0.829787234042553,0.863436123348018,0.881632653061225,0.868217054263566,0.892,1,0.885931558935361,0.866666666666667,0.865079365079365,0.856589147286822,0.853846153846154,0.888030888030888,0.866666666666667,0.747311827956989,0.852272727272727,0.274261603375527,0.878947368421053,0.348066298342541,0.847368421052632,0.467741935483871,0.812154696132597,0.813829787234043,0.88268156424581,0.398876404494382,0.80952380952381,0.445054945054945,0.844919786096257,0.777777777777778,0.875675675675676,0.276595744680851,0.845744680851064,0.767195767195767,0.861702127659574,0.794736842105263,0.873015873015873,0.825136612021858,0.888888888888889,0.818181818181818,0.866071428571429,0.887931034482759,0.791304347826087,0.825581395348837,0.811111111111111,0.755555555555556,0.862068965517241,0.844444444444444,0.4,NaN,0.855555555555556,0.855555555555556,0.310344827586207,0.896551724137931,0.931034482758621,0.33203125,0.840304182509506,0.482758620689655,0.291139240506329,0.870588235294118,0.32034632034632,0.903614457831325,0.353846153846154,0.39922480620155,0.364341085271318,0.870292887029289,0.329113924050633,0.587786259541985,0.884169884169884,0.847908745247148,0.840466926070039,0.866412213740458,0.826254826254826,0.278846153846154,0.837837837837838,0.887029288702929,0.868778280542986,0.5,0.360995850622407,0.346007604562738,0.869918699186992,0.665354330708661,0.896694214876033,0.264,0.870588235294118,0.878504672897196,0.28740157480315,0.33469387755102,0.243137254901961,0.872586872586873,0.849206349206349,0.86530612244898,0.256809338521401,0.889344262295082,0.585714285714286,0.442748091603053,0.885826771653543,0.912213740458015,0.83984375,0.771604938271605,0.363157894736842
id10578,0.860902255639098,0.815789473684211,0.852941176470588,0.864628820960699,0.919354838709677,0.911877394636015,0.837944664031621,0.885931558935361,1,0.86046511627907,0.858823529411765,0.854406130268199,0.843511450381679,0.916030534351145,0.87984496124031,0.775401069518717,0.855555555555556,0.295833333333333,0.885416666666667,0.404371584699454,0.927083333333333,0.515957446808511,0.830601092896175,0.8,0.895027624309392,0.458100558659218,0.806282722513089,0.505434782608696,0.82010582010582,0.790575916230366,0.903743315508021,0.336842105263158,0.831578947368421,0.743455497382199,0.888888888888889,0.8125,0.837696335078534,0.881081081081081,0.926701570680628,0.862433862433862,0.894736842105263,0.898305084745763,0.846153846153846,0.909090909090909,0.793478260869565,0.760869565217391,0.932584269662921,0.923913043478261,0.456521739130435,1,0.923913043478261,0.902173913043478,0.266666666666667,0.933333333333333,0.966666666666667,0.378378378378378,0.827067669172932,0.507575757575758,0.333333333333333,0.930232558139535,0.346153846153846,0.952380952380952,0.418250950570342,0.467432950191571,0.432950191570881,0.896694214876033,0.383333333333333,0.671698113207547,0.900763358778626,0.853383458646617,0.841698841698842,0.905660377358491,0.851145038167939,0.312796208530806,0.851145038167939,0.90495867768595,0.905829596412556,0.515418502202643,0.409836065573771,0.390977443609023,0.899598393574297,0.735408560311284,0.930612244897959,0.308300395256917,0.89922480620155,0.852534562211982,0.326848249027237,0.346774193548387,0.27906976744186,0.896946564885496,0.858823529411765,0.870967741935484,0.303846153846154,0.894736842105263,0.606635071090047,0.511363636363636,0.898832684824903,0.905660377358491,0.817829457364341,0.818181818181818,0.427083333333333
id10584,0.786821705426357,0.817829457364341,0.795652173913043,0.873303167420814,0.883333333333333,0.8300395256917,0.878542510121457,0.866666666666667,0.86046511627907,1,0.82995951417004,0.810276679841897,0.881889763779528,0.858267716535433,0.892430278884462,0.743016759776536,0.857142857142857,0.241379310344828,0.858695652173913,0.348571428571429,0.804347826086957,0.466666666666667,0.8,0.820652173913043,0.84,0.374269005847953,0.808743169398907,0.454545454545455,0.762430939226519,0.819672131147541,0.862637362637363,0.285714285714286,0.809782608695652,0.759562841530055,0.841530054644809,0.815217391304348,0.808743169398907,0.807909604519774,0.836065573770492,0.806629834254144,0.814814814814815,0.821428571428571,0.783783783783784,0.695121951219512,0.720930232558139,0.755813953488372,0.783132530120482,0.744186046511628,0.372093023255814,1,0.767441860465116,0.720930232558139,0.4,0.68,0.64,0.350597609561753,0.856589147286822,0.4609375,0.301724137931034,0.844,0.345132743362832,0.927710843373494,0.384313725490196,0.395256916996047,0.399209486166008,0.841880341880342,0.34051724137931,0.575875486381323,0.862204724409449,0.837209302325581,0.845849802371542,0.856031128404669,0.78740157480315,0.280788177339901,0.791338582677165,0.848739495798319,0.876712328767123,0.5,0.389830508474576,0.341085271317829,0.883817427385892,0.650602409638554,0.869198312236287,0.269387755102041,0.853174603174603,0.857142857142857,0.281124497991968,0.345833333333333,0.294820717131474,0.84251968503937,0.842741935483871,0.885245901639344,0.293650793650794,0.866108786610879,0.607843137254902,0.45703125,0.8714859437751,0.8715953307393,0.8,0.830188679245283,0.364130434782609
id10818,0.831372549019608,0.843137254901961,0.845814977973568,0.86697247706422,0.89873417721519,0.892,0.863636363636364,0.865079365079365,0.858823529411765,0.82995951417004,1,0.856,0.828685258964143,0.876494023904382,0.883064516129032,0.76271186440678,0.811111111111111,0.295652173913043,0.868131868131868,0.38728323699422,0.862637362637363,0.47752808988764,0.803468208092486,0.777777777777778,0.830409356725146,0.431952662721893,0.839779005524862,0.488505747126437,0.844444444444444,0.795580110497238,0.88135593220339,0.333333333333333,0.833333333333333,0.767955801104972,0.860335195530726,0.835164835164835,0.845303867403315,0.845714285714286,0.889502762430939,0.849162011173184,0.894736842105263,0.855932203389831,0.837606837606838,0.840909090909091,0.75,0.804347826086957,0.865168539325843,0.858695652173913,0.478260869565217,1,0.83695652173913,0.83695652173913,0.333333333333333,0.866666666666667,0.9,0.370967741935484,0.792156862745098,0.494071146245059,0.318777292576419,0.862348178137652,0.358744394618834,0.916666666666667,0.396825396825397,0.456,0.4,0.874458874458874,0.358078602620087,0.645669291338583,0.864541832669323,0.858823529411765,0.82258064516129,0.854330708661417,0.840637450199203,0.305,0.808764940239044,0.83982683982684,0.877358490566038,0.527522935779816,0.399141630901288,0.36078431372549,0.870292887029289,0.723577235772358,0.893162393162393,0.289256198347107,0.850202429149798,0.883495145631068,0.329268292682927,0.333333333333333,0.271255060728745,0.900398406374502,0.836734693877551,0.873417721518987,0.285140562248996,0.869198312236287,0.6,0.494071146245059,0.890243902439024,0.901574803149606,0.809716599190283,0.76219512195122,0.412087912087912
id11298,0.885057471264368,0.835249042145594,0.867521367521368,0.830357142857143,0.868312757201646,0.890625,0.830645161290323,0.856589147286822,0.854406130268199,0.810276679841897,0.856,1,0.793774319066148,0.856031128404669,0.822134387351779,0.775956284153005,0.848837209302326,0.322033898305085,0.840425531914894,0.430167597765363,0.872340425531915,0.532608695652174,0.782122905027933,0.78494623655914,0.819209039548023,0.462857142857143,0.812834224598931,0.519337016574586,0.816216216216216,0.807486631016043,0.85792349726776,0.39247311827957,0.827956989247312,0.807486631016043,0.832432432432432,0.829787234042553,0.839572192513369,0.861878453038674,0.893048128342246,0.859459459459459,0.918181818181818,0.850877192982456,0.849557522123894,0.909090909090909,0.761363636363636,0.75,0.917647058823529,0.897727272727273,0.488636363636364,1,0.897727272727273,0.909090909090909,0.269230769230769,0.923076923076923,0.961538461538462,0.413385826771654,0.796934865900383,0.552123552123552,0.370212765957447,0.857707509881423,0.382608695652174,0.888888888888889,0.426356589147287,0.494163424124514,0.447470817120623,0.831223628691983,0.434042553191489,0.655172413793103,0.821011673151751,0.835249042145594,0.807086614173228,0.85,0.8715953307393,0.357142857142857,0.836575875486381,0.839662447257384,0.842342342342342,0.522321428571429,0.456066945606695,0.409961685823755,0.83265306122449,0.75,0.866666666666667,0.366935483870968,0.83399209486166,0.830188679245283,0.396825396825397,0.382716049382716,0.324110671936759,0.879377431906615,0.788844621513944,0.817813765182186,0.345098039215686,0.843621399176955,0.623188405797101,0.532818532818533,0.876984126984127,0.865384615384615,0.810276679841897,0.76875,0.473404255319149
id11394,0.767175572519084,0.793893129770992,0.817021276595745,0.906666666666667,0.889344262295082,0.809338521400778,0.819277108433735,0.853846153846154,0.843511450381679,0.881889763779528,0.828685258964143,0.793774319066148,1,0.837209302325581,0.866141732283465,0.741935483870968,0.898876404494382,0.25,0.868421052631579,0.364640883977901,0.794736842105263,0.473118279569893,0.806629834254144,0.808510638297872,0.810055865921788,0.387640449438202,0.835978835978836,0.461538461538462,0.79144385026738,0.80952380952381,0.832432432432432,0.303191489361702,0.824468085106383,0.772486772486772,0.828877005347594,0.794736842105263,0.830687830687831,0.786885245901639,0.814814814814815,0.823529411764706,0.848214285714286,0.827586206896552,0.782608695652174,0.770114942528736,0.78021978021978,0.813186813186813,0.852272727272727,0.813186813186813,0.483516483516484,1,0.824175824175824,0.802197802197802,0.344827586206897,0.862068965517241,0.827586206896552,0.341176470588235,0.820610687022901,0.453846153846154,0.305084745762712,0.822834645669291,0.353448275862069,0.91358024691358,0.370656370656371,0.392996108949416,0.396887159533074,0.84453781512605,0.326271186440678,0.593869731800766,0.84108527131783,0.82824427480916,0.87843137254902,0.823754789272031,0.75968992248062,0.267942583732057,0.755813953488372,0.815126050420168,0.854545454545455,0.502222222222222,0.391666666666667,0.297709923664122,0.853061224489796,0.656126482213439,0.846473029045643,0.265060240963855,0.858267716535433,0.859154929577465,0.264822134387352,0.348360655737705,0.283464566929134,0.848837209302326,0.872509960159363,0.860655737704918,0.25390625,0.847736625514403,0.57345971563981,0.438461538461538,0.857707509881423,0.877394636015326,0.752941176470588,0.839506172839506,0.352631578947368
id11395,0.851145038167939,0.83587786259542,0.851063829787234,0.884444444444444,0.909836065573771,0.906614785992218,0.86,0.888030888030888,0.916030534351145,0.858267716535433,0.876494023904382,0.856031128404669,0.837209302325581,1,0.893700787401575,0.771739130434783,0.818181818181818,0.283898305084746,0.862433862433862,0.411111111111111,0.904761904761905,0.518918918918919,0.846153846153846,0.764705882352941,0.876404494382023,0.460227272727273,0.835106382978723,0.480662983425414,0.817204301075269,0.75531914893617,0.902173913043478,0.347593582887701,0.818181818181818,0.734042553191489,0.887096774193548,0.862433862433862,0.845744680851064,0.884615384615385,0.925531914893617,0.849462365591398,0.882882882882883,0.869565217391304,0.885964912280702,0.883720930232558,0.755555555555556,0.766666666666667,0.908045977011494,0.877777777777778,0.5,1,0.9,0.9,0.214285714285714,0.928571428571429,0.964285714285714,0.364705882352941,0.82824427480916,0.480769230769231,0.316455696202532,0.901574803149606,0.330434782608696,0.951219512195122,0.38996138996139,0.455252918287938,0.416342412451362,0.894957983193277,0.38135593220339,0.647509578544061,0.89922480620155,0.866412213740458,0.843137254901961,0.911877394636015,0.829457364341085,0.315789473684211,0.852713178294574,0.886554621848739,0.877828054298643,0.520179372197309,0.404166666666667,0.377862595419847,0.893877551020408,0.735177865612648,0.925311203319502,0.3,0.901574803149606,0.873239436619718,0.322834645669291,0.326530612244898,0.267716535433071,0.910852713178295,0.840637450199203,0.885245901639344,0.27734375,0.905737704918033,0.617224880382775,0.492307692307692,0.893280632411067,0.911877394636015,0.84251968503937,0.808641975308642,0.433862433862434
id11396,0.813953488372093,0.821705426356589,0.843478260869565,0.909502262443439,0.920833333333333,0.869565217391304,0.874493927125506,0.866666666666667,0.87984496124031,0.892430278884462,0.883064516129032,0.822134387351779,0.866141732283465,0.893700787401575,1,0.743016759776536,0.870588235294118,0.252136752136752,0.929347826086957,0.377142857142857,0.875,0.466666666666667,0.857142857142857,0.807692307692308,0.867052023121387,0.412790697674419,0.885245901639344,0.448863636363636,0.839779005524862,0.830601092896175,0.911111111111111,0.296703296703297,0.851648351648352,0.786885245901639,0.883977900552486,0.880434782608696,0.868852459016393,0.824858757062147,0.91304347826087,0.861878453038674,0.862385321100917,0.867256637168142,0.8125,0.843373493975904,0.735632183908046,0.816091954022989,0.892857142857143,0.839080459770115,0.471264367816092,1,0.862068965517241,0.885057471264368,0.206896551724138,0.862068965517241,0.896551724137931,0.342629482071713,0.84108527131783,0.45703125,0.283261802575107,0.884,0.3215859030837,0.939759036144578,0.380392156862745,0.438735177865613,0.385826771653543,0.915254237288136,0.344827586206897,0.622568093385214,0.92156862745098,0.84108527131783,0.872509960159363,0.914396887159533,0.799212598425197,0.281553398058252,0.78740157480315,0.871794871794872,0.916279069767442,0.513636363636364,0.372881355932203,0.325581395348837,0.921161825726141,0.7,0.936974789915966,0.273469387755102,0.9,0.843601895734597,0.281124497991968,0.319502074688797,0.254980079681275,0.889763779527559,0.862348178137652,0.929460580912863,0.273809523809524,0.924686192468619,0.592233009708738,0.48046875,0.887550200803213,0.937743190661479,0.792,0.84375,0.358695652173913
id11398,0.770053475935829,0.812834224598931,0.795031055900621,0.746666666666667,0.775147928994083,0.771739130434783,0.771428571428571,0.747311827956989,0.775401069518717,0.743016759776536,0.76271186440678,0.775956284153005,0.741935483870968,0.771739130434783,0.743016759776536,1,0.804597701149425,0.385057471264368,0.775401069518717,0.449438202247191,0.786096256684492,0.546448087431694,0.752808988764045,0.805405405405405,0.755681818181818,0.451428571428571,0.752688172043011,0.538888888888889,0.805405405405405,0.768817204301075,0.758241758241758,0.383783783783784,0.837837837837838,0.752688172043011,0.798913043478261,0.775401069518717,0.801075268817204,0.772222222222222,0.752688172043011,0.843243243243243,0.774774774774775,0.831858407079646,0.805309734513274,0.729411764705882,0.797752808988764,0.786516853932584,0.790697674418605,0.752808988764045,0.49438202247191,1,0.741573033707865,0.786516853932584,0.344827586206897,0.724137931034483,0.758620689655172,0.389189189189189,0.780748663101604,0.505376344086022,0.382352941176471,0.767955801104972,0.439306358381503,0.710526315789474,0.434782608695652,0.494505494505495,0.497267759562842,0.727272727272727,0.439759036144578,0.602150537634409,0.744565217391304,0.759358288770054,0.779005524861878,0.693548387096774,0.770053475935829,0.369426751592357,0.816216216216216,0.765060240963855,0.767123287671233,0.4875,0.452380952380952,0.443850267379679,0.745664739884393,0.709497206703911,0.729885057471264,0.371428571428571,0.766666666666667,0.776978417266187,0.402234636871508,0.443820224719101,0.366120218579235,0.770491803278688,0.756756756756757,0.728323699421965,0.379120879120879,0.757062146892655,0.574468085106383,0.505376344086022,0.764044943820225,0.774193548387097,0.751381215469613,0.715909090909091,0.454545454545455
id11445,0.811111111111111,0.822222222222222,0.775280898876405,0.847058823529412,0.888888888888889,0.813953488372093,0.807692307692308,0.852272727272727,0.855555555555556,0.857142857142857,0.811111111111111,0.848837209302326,0.898876404494382,0.818181818181818,0.870588235294118,0.804597701149425,1,0.241379310344828,0.888888888888889,0.317073170731707,0.833333333333333,0.471264367816092,0.841463414634146,0.863636363636364,0.85,0.378048780487805,0.866666666666667,0.471264367816092,0.853932584269663,0.9,0.895348837209302,0.277777777777778,0.911111111111111,0.820224719101124,0.876404494382023,0.877777777777778,0.888888888888889,0.833333333333333,0.866666666666667,0.943181818181818,0.906976744186046,0.877777777777778,0.777777777777778,0.802325581395349,0.8,0.788888888888889,0.873563218390805,0.844444444444444,0.433333333333333,1,0.844444444444444,0.844444444444444,0.206896551724138,0.931034482758621,0.896551724137931,0.348314606741573,0.8,0.533333333333333,0.32183908045977,0.887640449438202,0.375,1,0.340909090909091,0.454545454545455,0.390804597701149,0.842696629213483,0.337349397590361,0.606741573033708,0.875,0.822222222222222,0.863636363636364,0.777777777777778,0.766666666666667,0.25,0.75,0.857142857142857,0.850746268656716,0.476744186046512,0.366666666666667,0.3,0.873563218390805,0.686046511627907,0.875,0.280898876404494,0.840909090909091,0.86,0.280898876404494,0.337349397590361,0.28735632183908,0.848837209302326,0.876404494382023,0.858974358974359,0.261363636363636,0.894117647058824,0.493150684931507,0.438202247191011,0.864197530864197,0.887640449438202,0.797619047619048,0.842696629213483,0.366666666666667
id12223,0.3375,0.333333333333333,0.327272727272727,0.248780487804878,0.252252252252252,0.323404255319149,0.292576419213974,0.274261603375527,0.295833333333333,0.241379310344828,0.295652173913043,0.322033898305085,0.25,0.283898305084746,0.252136752136752,0.385057471264368,0.241379310344828,1,0.280898876404494,0.763313609467456,0.342696629213483,0.674285714285714,0.307692307692308,0.301136363636364,0.305389221556886,0.763636363636364,0.286516853932584,0.713450292397661,0.354285714285714,0.333333333333333,0.312138728323699,0.914772727272727,0.318181818181818,0.355932203389831,0.308571428571429,0.337078651685393,0.327683615819209,0.362573099415205,0.327683615819209,0.31638418079096,0.262135922330097,0.299065420560748,0.355140186915888,0.411764705882353,0.404494382022472,0.370786516853933,0.302325581395349,0.370786516853933,0.696629213483146,0,0.337078651685393,0.348314606741573,0.862068965517241,0.275862068965517,0.275862068965517,0.837606837606838,0.333333333333333,0.714285714285714,0.908256880733945,0.304721030042918,0.839622641509434,0.162162162162162,0.789029535864979,0.757446808510638,0.800847457627119,0.299107142857143,0.833333333333333,0.535564853556485,0.241525423728814,0.333333333333333,0.293617021276596,0.283333333333333,0.362869198312236,0.91578947368421,0.355932203389831,0.268181818181818,0.269035532994924,0.545893719806763,0.811926605504587,0.8125,0.269911504424779,0.41991341991342,0.254545454545455,0.881057268722467,0.274678111587983,0.264248704663212,0.913419913419913,0.78125,0.862660944206009,0.292372881355932,0.258620689655172,0.266666666666667,0.884615384615385,0.258771929824561,0.526315789473684,0.73109243697479,0.281385281385281,0.242677824267782,0.310344827586207,0.273333333333333,0.853932584269663
id14189,0.796875,0.791666666666667,0.829268292682927,0.851612903225806,0.936781609195402,0.866310160427808,0.866666666666667,0.878947368421053,0.885416666666667,0.858695652173913,0.868131868131868,0.840425531914894,0.868421052631579,0.862433862433862,0.929347826086957,0.775401069518717,0.888888888888889,0.280898876404494,1,0.371584699453552,0.885416666666667,0.457446808510638,0.868852459016393,0.842105263157895,0.87292817679558,0.396648044692737,0.869109947643979,0.451086956521739,0.851851851851852,0.853403141361257,0.925133689839572,0.284210526315789,0.873684210526316,0.790575916230366,0.91005291005291,0.854166666666667,0.900523560209424,0.837837837837838,0.916230366492147,0.888888888888889,0.894736842105263,0.898305084745763,0.846153846153846,0.852272727272727,0.782608695652174,0.815217391304348,0.932584269662921,0.891304347826087,0.445652173913043,1,0.91304347826087,0.91304347826087,0.233333333333333,0.966666666666667,1,0.310526315789474,0.802083333333333,0.50261780104712,0.297142857142857,0.876344086021505,0.353932584269663,0.95,0.343915343915344,0.454545454545455,0.398936170212766,0.892857142857143,0.374269005847953,0.596858638743455,0.899470899470899,0.833333333333333,0.860215053763441,0.869109947643979,0.806282722513089,0.290123456790123,0.794736842105263,0.883040935672515,0.873333333333333,0.466666666666667,0.352601156069364,0.317708333333333,0.887640449438202,0.677595628415301,0.910614525139665,0.266666666666667,0.881081081081081,0.819444444444444,0.28804347826087,0.322404371584699,0.25531914893617,0.888297872340426,0.873684210526316,0.88135593220339,0.27807486631016,0.879120879120879,0.534722222222222,0.455497382198953,0.896174863387978,0.926701570680628,0.789189189189189,0.791208791208791,0.375
id14191,0.442622950819672,0.415300546448087,0.4,0.380952380952381,0.375757575757576,0.455056179775281,0.36046511627907,0.348066298342541,0.404371584699454,0.348571428571429,0.38728323699422,0.430167597765363,0.364640883977901,0.411111111111111,0.377142857142857,0.449438202247191,0.317073170731707,0.763313609467456,0.371584699453552,1,0.426229508196721,0.793296089385475,0.396551724137931,0.403314917127072,0.383720930232558,0.876470588235294,0.412087912087912,0.863636363636364,0.4,0.39010989010989,0.398876404494382,0.795580110497238,0.408839779005525,0.406593406593407,0.422222222222222,0.426229508196721,0.406593406593407,0.431818181818182,0.401098901098901,0.422222222222222,0.367924528301887,0.376146788990826,0.453703703703704,0.475,0.416666666666667,0.428571428571429,0.395061728395062,0.428571428571429,0.761904761904762,1,0.404761904761905,0.428571428571429,0.793103448275862,0.344827586206897,0.379310344827586,0.707182320441989,0.442622950819672,0.71978021978022,0.740963855421687,0.435028248587571,0.666666666666667,0.256410256410256,0.7,0.770949720670391,0.793296089385475,0.339622641509434,0.740963855421687,0.703296703296703,0.383333333333333,0.431693989071038,0.379888268156425,0.417582417582418,0.472527472527473,0.775641025641026,0.461538461538462,0.355828220858896,0.345070422535211,0.666666666666667,0.725609756097561,0.759562841530055,0.411764705882353,0.528735632183908,0.391812865497076,0.771929824561403,0.378531073446328,0.421428571428571,0.771428571428571,0.793103448275862,0.754189944134078,0.407821229050279,0.303867403314917,0.386904761904762,0.730337078651685,0.369942196531792,0.654411764705882,0.763736263736264,0.407821229050279,0.371584699453552,0.461111111111111,0.385542168674699,0.792349726775956
id14192,0.859375,0.791666666666667,0.878048780487805,0.812903225806452,0.873563218390805,0.919786096256685,0.794444444444444,0.847368421052632,0.927083333333333,0.804347826086957,0.862637362637363,0.872340425531915,0.794736842105263,0.904761904761905,0.875,0.786096256684492,0.833333333333333,0.342696629213483,0.885416666666667,0.426229508196721,1,0.537234042553192,0.825136612021858,0.778947368421053,0.878453038674033,0.480446927374302,0.816753926701571,0.521739130434783,0.82010582010582,0.790575916230366,0.903743315508021,0.368421052631579,0.831578947368421,0.769633507853403,0.91005291005291,0.84375,0.837696335078534,0.881081081081081,0.947643979057592,0.883597883597884,0.912280701754386,0.88135593220339,0.88034188034188,0.909090909090909,0.771739130434783,0.760869565217391,0.898876404494382,0.902173913043478,0.521739130434783,1,0.923913043478261,0.902173913043478,0.233333333333333,0.966666666666667,1,0.357894736842105,0.760416666666667,0.534031413612565,0.36,0.924731182795699,0.365168539325843,0.95,0.417989417989418,0.508021390374332,0.425531914893617,0.863095238095238,0.421052631578947,0.659685863874346,0.904761904761905,0.833333333333333,0.806451612903226,0.900523560209424,0.848167539267016,0.345679012345679,0.847368421052632,0.87719298245614,0.88,0.478787878787879,0.404624277456647,0.411458333333333,0.893258426966292,0.748633879781421,0.927374301675978,0.35,0.908108108108108,0.791666666666667,0.364130434782609,0.349726775956284,0.292553191489362,0.893617021276596,0.821052631578947,0.858757062146893,0.32620320855615,0.895604395604396,0.583333333333333,0.49738219895288,0.896174863387978,0.905759162303665,0.767567567567568,0.758241758241758,0.447916666666667
id14436,0.521276595744681,0.5,0.509316770186335,0.496688741721854,0.464705882352941,0.551912568306011,0.465909090909091,0.467741935483871,0.515957446808511,0.466666666666667,0.47752808988764,0.532608695652174,0.473118279569893,0.518918918918919,0.466666666666667,0.546448087431694,0.471264367816092,0.674285714285714,0.457446808510638,0.793296089385475,0.537234042553192,1,0.486033519553073,0.505376344086022,0.49438202247191,0.829545454545455,0.502673796791444,0.85,0.47027027027027,0.454545454545455,0.491803278688525,0.67741935483871,0.483870967741936,0.481283422459893,0.508108108108108,0.521276595744681,0.481283422459893,0.558011049723757,0.502673796791444,0.516129032258065,0.490909090909091,0.491228070175439,0.592920353982301,0.517647058823529,0.50561797752809,0.51685393258427,0.511627906976744,0.51685393258427,0.820224719101124,1,0.539325842696629,0.51685393258427,0.655172413793103,0.482758620689655,0.517241379310345,0.679144385026738,0.542553191489362,0.748663101604278,0.672514619883041,0.543956043956044,0.632183908045977,0.384615384615385,0.686486486486486,0.748633879781421,0.706521739130435,0.442424242424242,0.678571428571429,0.759358288770054,0.491891891891892,0.558510638297872,0.494505494505495,0.502673796791444,0.556149732620321,0.683544303797468,0.56989247311828,0.48502994011976,0.45578231292517,0.720496894409938,0.733727810650888,0.723404255319149,0.514285714285714,0.575418994413408,0.474285714285714,0.6875,0.483516483516484,0.471428571428571,0.707182320441989,0.770949720670391,0.668478260869565,0.478260869565217,0.419354838709677,0.485549132947977,0.655737704918033,0.452513966480447,0.709219858156028,0.737967914438503,0.497206703910615,0.481283422459893,0.505494505494505,0.488636363636364,0.728723404255319
