Row,id5506,id5529,id12223,id5494,id5489,id5553,id5482,id5532,id5516,id5492,id5552,id5508,id5624,id5499,id5498,id5563,id5549,id5528,id5568,id5500,id5569,id5533,id14436,id14440,id5543,id5556,id5566,id14442,id14446,id5518,id14191,id5493,id14189,id14765,id14192,id14766,id5570,id14438,id5546,id5519,id11394,id10569,id5539,id14761,id5571,id5515,id5560,id5544,id10578,id10575,id5559,id5561,id5564,id14439,id10577,id5509,id5502,id5524,id14443,id10818,id10574,id14445,id5512,id5513,id5510,id14768,id14447,id5527,id5537,id14767,id14437,id5573,id5536,id10584,id14441,id10579,id5541,id14448,id5483,id10570,id10572,id14764,id10573,id5514,id10571,id11398,id10568,id11298,id5547,id5557,id14762,id14444,id10816,id10576,id5521,id5497,id11395,id11396,id5567,id5565
id5506,1,0.958333333333333,0.771428571428571,0.766666666666667,0.743589743589744,0.657142857142857,0.769230769230769,0.657894736842105,0.95,0.815789473684211,0.789473684210526,0.641025641025641,0.833333333333333,0.810810810810811,0.743589743589744,0.681818181818182,0.794871794871795,0.736842105263158,0.65625,0.756756756756757,0.815789473684211,0.794871794871795,0.708333333333333,0.826086956521739,0.82051282051282,0.763157894736842,0.763157894736842,0.695652173913043,0.791666666666667,0.838709677419355,0.782608695652174,0.461538461538462,0.458333333333333,0.142857142857143,0.375,0.545454545454545,0.487179487179487,0.541666666666667,0.592592592592593,0.512820512820513,0.41025641025641,0.55,0.5,0.428571428571429,0.487179487179487,0.538461538461538,0.351351351351351,0.459459459459459,0.41025641025641,0.526315789473684,0.454545454545455,0.476190476190476,0.363636363636364,0.45,0.473684210526316,0.5,0.447368421052632,0.428571428571429,0.565217391304348,0.405405405405405,0.5,0.478260869565217,0.428571428571429,0.513513513513513,0.487179487179487,0.458333333333333,0.545454545454545,0.485714285714286,0.617647058823529,0.458333333333333,0.608695652173913,0.512820512820513,0.459459459459459,0.388888888888889,0.565217391304348,0.441176470588235,0.454545454545455,0.416666666666667,0.512820512820513,0.512820512820513,0.588235294117647,0.625,0.5,0.41025641025641,0.421052631578947,0.478260869565217,0.435897435897436,0.461538461538462,0.380952380952381,0.513513513513513,0.583333333333333,0.416666666666667,0.45,0.512820512820513,0.5,0.333333333333333,0.512820512820513,0.486486486486487,0.484848484848485,0.444444444444444
id5529,0.958333333333333,1,0.826086956521739,0.95,0.851851851851852,0.6,0.740740740740741,0.692307692307692,0.954545454545455,0.96,0.789473684210526,0.666666666666667,1,0.8,0.777777777777778,0.625,0.814814814814815,0.695652173913043,0.636363636363636,0.703703703703704,0.884615384615385,0.851851851851852,0.769230769230769,0.846153846153846,0.84,0.807692307692308,0.846153846153846,0.75,1,0.909090909090909,0.923076923076923,0.444444444444444,0.230769230769231,0.1,0.230769230769231,0.454545454545455,0.481481481481481,0.230769230769231,0.478260869565217,0.444444444444444,0.333333333333333,0.5,0.481481481481481,0.2,0.444444444444444,0.481481481481481,0.28,0.416666666666667,0.37037037037037,0.461538461538462,0.416666666666667,0.454545454545455,0.333333333333333,0.363636363636364,0.423076923076923,0.37037037037037,0.461538461538462,0.407407407407407,0.416666666666667,0.4,0.461538461538462,0.384615384615385,0.391304347826087,0.44,0.481481481481481,0.230769230769231,0.272727272727273,0.461538461538462,0.576923076923077,0.384615384615385,0.461538461538462,0.444444444444444,0.458333333333333,0.36,0.5,0.384615384615385,0.416666666666667,0.384615384615385,0.481481481481481,0.518518518518518,0.555555555555556,0.538461538461538,0.521739130434783,0.407407407407407,0.4,0.230769230769231,0.333333333333333,0.444444444444444,0.363636363636364,0.481481481481481,0.384615384615385,0.230769230769231,0.409090909090909,0.444444444444444,0.428571428571429,0.333333333333333,0.481481481481481,0.407407407407407,0.434782608695652,0.458333333333333
id12223,0.771428571428571,0.826086956521739,1,0.735294117647059,0.634146341463415,0.710526315789474,0.780487804878049,0.825,0.894736842105263,0.842105263157895,0.764705882352941,0.48780487804878,0.896551724137931,0.666666666666667,0.731707317073171,0.619047619047619,0.85,0.578947368421053,0.516129032258065,0.794871794871795,0.675,0.804878048780488,0.607142857142857,0.678571428571429,0.82051282051282,0.875,0.923076923076923,0.586206896551724,0.892857142857143,0.96875,0.730769230769231,0.365853658536585,0.310344827586207,0.111111111111111,0.310344827586207,0.444444444444444,0.358974358974359,0.310344827586207,0.344827586206897,0.317073170731707,0.268292682926829,0.315789473684211,0.35,0.307692307692308,0.292682926829268,0.365853658536585,0.3,0.263157894736842,0.317073170731707,0.384615384615385,0.333333333333333,0.25,0.142857142857143,0.416666666666667,0.35,0.225,0.365853658536585,0.27027027027027,0.392857142857143,0.35,0.35,0.357142857142857,0.333333333333333,0.378378378378378,0.341463414634146,0.241379310344828,0.37037037037037,0.361111111111111,0.378378378378378,0.379310344827586,0.357142857142857,0.342105263157895,0.378378378378378,0.263157894736842,0.310344827586207,0.323529411764706,0.238095238095238,0.344827586206897,0.365853658536585,0.365853658536585,0.457142857142857,0.448275862068966,0.305555555555556,0.317073170731707,0.325,0.25,0.365853658536585,0.365853658536585,0.35,0.358974358974359,0.344827586206897,0.344827586206897,0.210526315789474,0.292682926829268,0.35,0.333333333333333,0.317073170731707,0.282051282051282,0.297297297297297,0.282051282051282
id5494,0.766666666666667,0.95,0.735294117647059,1,0.777777777777778,0.606060606060606,0.777777777777778,0.685714285714286,0.888888888888889,0.818181818181818,0.705882352941177,0.666666666666667,0.807692307692308,0.617647058823529,0.805555555555556,0.65,0.771428571428571,0.71875,0.642857142857143,0.735294117647059,0.771428571428571,0.777777777777778,0.64,0.68,0.705882352941177,0.722222222222222,0.735294117647059,0.6,0.8,0.774193548387097,0.695652173913043,0.5,0.346153846153846,0.2,0.384615384615385,0.541666666666667,0.558823529411765,0.269230769230769,0.518518518518518,0.472222222222222,0.416666666666667,0.611111111111111,0.514285714285714,0.391304347826087,0.5,0.527777777777778,0.371428571428571,0.484848484848485,0.444444444444444,0.441176470588235,0.5,0.5,0.4,0.521739130434783,0.457142857142857,0.428571428571429,0.485714285714286,0.470588235294118,0.4,0.529411764705882,0.514285714285714,0.48,0.473684210526316,0.46875,0.527777777777778,0.346153846153846,0.333333333333333,0.516129032258065,0.558823529411765,0.461538461538462,0.44,0.515151515151515,0.516129032258065,0.424242424242424,0.36,0.482758620689655,0.5,0.423076923076923,0.527777777777778,0.555555555555556,0.566666666666667,0.461538461538462,0.548387096774194,0.5,0.441176470588235,0.28,0.444444444444444,0.5,0.388888888888889,0.514285714285714,0.384615384615385,0.384615384615385,0.5,0.444444444444444,0.5,0.375,0.527777777777778,0.411764705882353,0.483870967741936,0.472222222222222
id5489,0.743589743589744,0.851851851851852,0.634146341463415,0.777777777777778,1,0.731707317073171,0.844444444444444,0.704545454545455,0.782608695652174,0.761904761904762,0.8,0.8,0.8,0.744186046511628,0.8,0.8,0.727272727272727,0.804878048780488,0.771428571428571,0.674418604651163,0.931818181818182,0.733333333333333,0.689655172413793,0.758620689655172,0.697674418604651,0.704545454545455,0.651162790697674,0.758620689655172,0.793103448275862,0.714285714285714,0.703703703703704,0.622222222222222,0.466666666666667,0.1,0.466666666666667,0.535714285714286,0.674418604651163,0.4,0.67741935483871,0.622222222222222,0.577777777777778,0.695652173913043,0.636363636363636,0.518518518518518,0.644444444444444,0.666666666666667,0.511627906976744,0.642857142857143,0.577777777777778,0.604651162790698,0.6,0.652173913043478,0.52,0.56,0.590909090909091,0.545454545454545,0.636363636363636,0.560975609756098,0.482758620689655,0.604651162790698,0.659090909090909,0.551724137931034,0.583333333333333,0.609756097560976,0.644444444444444,0.466666666666667,0.464285714285714,0.6,0.675,0.533333333333333,0.482758620689655,0.666666666666667,0.65,0.571428571428571,0.551724137931034,0.605263157894737,0.6,0.433333333333333,0.666666666666667,0.666666666666667,0.666666666666667,0.6,0.675,0.577777777777778,0.604651162790698,0.413793103448276,0.555555555555556,0.622222222222222,0.565217391304348,0.627906976744186,0.5,0.433333333333333,0.608695652173913,0.6,0.636363636363636,0.777777777777778,0.666666666666667,0.558139534883721,0.615384615384615,0.619047619047619
id5553,0.657142857142857,0.6,0.710526315789474,0.606060606060606,0.731707317073171,1,0.780487804878049,0.7,0.619047619047619,0.631578947368421,0.7,0.634146341463415,0.75,0.666666666666667,0.731707317073171,0.782608695652174,0.675,0.675675675675676,0.78125,0.717948717948718,0.775,0.682926829268293,0.518518518518518,0.666666666666667,0.564102564102564,0.7,0.625,0.555555555555556,0.740740740740741,0.71875,0.76,0.463414634146341,0.285714285714286,0,0.214285714285714,0.346153846153846,0.461538461538462,0.357142857142857,0.5,0.463414634146341,0.414634146341463,0.571428571428571,0.45,0.28,0.439024390243902,0.51219512195122,0.41025641025641,0.421052631578947,0.414634146341463,0.487179487179487,0.565217391304348,0.523809523809524,0.391304347826087,0.291666666666667,0.45,0.475,0.475,0.405405405405405,0.407407407407407,0.461538461538462,0.5,0.333333333333333,0.545454545454545,0.540540540540541,0.48780487804878,0.285714285714286,0.346153846153846,0.5,0.527777777777778,0.285714285714286,0.37037037037037,0.473684210526316,0.5,0.421052631578947,0.37037037037037,0.5,0.478260869565217,0.321428571428571,0.51219512195122,0.51219512195122,0.571428571428571,0.428571428571429,0.472222222222222,0.390243902439024,0.384615384615385,0.296296296296296,0.414634146341463,0.414634146341463,0.523809523809524,0.45,0.392857142857143,0.321428571428571,0.476190476190476,0.48780487804878,0.619047619047619,0.857142857142857,0.439024390243902,0.487179487179487,0.416666666666667,0.368421052631579
id5482,0.769230769230769,0.740740740740741,0.780487804878049,0.777777777777778,0.844444444444444,0.780487804878049,1,0.818181818181818,0.782608695652174,0.738095238095238,0.8,0.644444444444444,0.866666666666667,0.720930232558139,0.822222222222222,0.84,0.840909090909091,0.780487804878049,0.657142857142857,0.837209302325581,0.818181818181818,0.8,0.689655172413793,0.793103448275862,0.813953488372093,0.818181818181818,0.813953488372093,0.689655172413793,0.931034482758621,0.828571428571429,0.777777777777778,0.466666666666667,0.333333333333333,0.1,0.333333333333333,0.464285714285714,0.511627906976744,0.333333333333333,0.580645161290323,0.511111111111111,0.422222222222222,0.565217391304348,0.477272727272727,0.37037037037037,0.488888888888889,0.555555555555556,0.395348837209302,0.476190476190476,0.422222222222222,0.534883720930233,0.48,0.521739130434783,0.4,0.44,0.431818181818182,0.431818181818182,0.477272727272727,0.414634146341463,0.413793103448276,0.488372093023256,0.5,0.448275862068966,0.458333333333333,0.48780487804878,0.533333333333333,0.333333333333333,0.392857142857143,0.475,0.55,0.4,0.379310344827586,0.547619047619048,0.475,0.428571428571429,0.413793103448276,0.5,0.48,0.3,0.511111111111111,0.555555555555556,0.564102564102564,0.533333333333333,0.5,0.422222222222222,0.488372093023256,0.344827586206897,0.488888888888889,0.511111111111111,0.521739130434783,0.465116279069767,0.433333333333333,0.433333333333333,0.478260869565217,0.488888888888889,0.545454545454545,0.666666666666667,0.511111111111111,0.418604651162791,0.461538461538462,0.452380952380952
id5532,0.657894736842105,0.692307692307692,0.825,0.685714285714286,0.704545454545455,0.7,0.818181818181818,1,0.818181818181818,0.731707317073171,0.789473684210526,0.659090909090909,0.758620689655172,0.666666666666667,0.818181818181818,0.708333333333333,0.790697674418605,0.675,0.617647058823529,0.785714285714286,0.697674418604651,0.772727272727273,0.75,0.785714285714286,0.785714285714286,0.813953488372093,0.80952380952381,0.678571428571429,0.821428571428571,0.823529411764706,0.730769230769231,0.477272727272727,0.379310344827586,0.111111111111111,0.379310344827586,0.444444444444444,0.476190476190476,0.379310344827586,0.5,0.477272727272727,0.431818181818182,0.454545454545455,0.441860465116279,0.461538461538462,0.454545454545455,0.522727272727273,0.380952380952381,0.439024390243902,0.431818181818182,0.5,0.458333333333333,0.363636363636364,0.291666666666667,0.5,0.418604651162791,0.395348837209302,0.488372093023256,0.375,0.428571428571429,0.452380952380952,0.5,0.5,0.434782608695652,0.475,0.5,0.379310344827586,0.444444444444444,0.475,0.461538461538462,0.448275862068966,0.428571428571429,0.48780487804878,0.461538461538462,0.439024390243902,0.464285714285714,0.486486486486487,0.333333333333333,0.379310344827586,0.5,0.522727272727273,0.5,0.551724137931034,0.475,0.431818181818182,0.452380952380952,0.392857142857143,0.5,0.477272727272727,0.5,0.428571428571429,0.482758620689655,0.482758620689655,0.363636363636364,0.454545454545455,0.523809523809524,0.666666666666667,0.454545454545455,0.404761904761905,0.421052631578947,0.414634146341463
id5516,0.95,0.954545454545455,0.894736842105263,0.888888888888889,0.782608695652174,0.619047619047619,0.782608695652174,0.818181818181818,1,0.904761904761905,0.777777777777778,0.565217391304348,1,0.857142857142857,0.826086956521739,0.652173913043478,0.826086956521739,0.684210526315789,0.6,0.739130434782609,0.826086956521739,0.869565217391304,0.7,0.8,0.904761904761905,0.863636363636364,0.909090909090909,0.666666666666667,1,1,0.9,0.347826086956522,0.1,0.1,0.1,0.375,0.391304347826087,0.1,0.428571428571429,0.347826086956522,0.217391304347826,0.428571428571429,0.391304347826087,0.125,0.347826086956522,0.391304347826087,0.142857142857143,0.3,0.260869565217391,0.363636363636364,0.347826086956522,0.380952380952381,0.260869565217391,0.3,0.347826086956522,0.347826086956522,0.363636363636364,0.304347826086957,0.333333333333333,0.285714285714286,0.363636363636364,0.3,0.318181818181818,0.333333333333333,0.347826086956522,0.1,0.125,0.363636363636364,0.454545454545455,0.3,0.3,0.347826086956522,0.35,0.238095238095238,0.333333333333333,0.272727272727273,0.347826086956522,0.4,0.391304347826087,0.391304347826087,0.434782608695652,0.4,0.4,0.304347826086957,0.285714285714286,0.1,0.304347826086957,0.347826086956522,0.285714285714286,0.391304347826087,0.3,0.1,0.333333333333333,0.347826086956522,0.4,0.4,0.391304347826087,0.304347826086957,0.368421052631579,0.363636363636364
id5492,0.815789473684211,0.96,0.842105263157895,0.818181818181818,0.761904761904762,0.631578947368421,0.738095238095238,0.731707317073171,0.904761904761905,1,0.8,0.619047619047619,0.888888888888889,0.7,0.785714285714286,0.608695652173913,0.75609756097561,0.625,0.558823529411765,0.707317073170732,0.780487804878049,0.80952380952381,0.576923076923077,0.692307692307692,0.833333333333333,0.878048780487805,0.878048780487805,0.730769230769231,0.925925925925926,0.848484848484849,0.791666666666667,0.452380952380952,0.37037037037037,0.125,0.333333333333333,0.48,0.45,0.296296296296296,0.413793103448276,0.404761904761905,0.404761904761905,0.476190476190476,0.428571428571429,0.375,0.428571428571429,0.452380952380952,0.325,0.4,0.404761904761905,0.414634146341463,0.478260869565217,0.428571428571429,0.304347826086957,0.454545454545455,0.390243902439024,0.333333333333333,0.463414634146341,0.368421052631579,0.346153846153846,0.425,0.48780487804878,0.461538461538462,0.454545454545455,0.421052631578947,0.476190476190476,0.333333333333333,0.36,0.459459459459459,0.5,0.407407407407407,0.423076923076923,0.487179487179487,0.435897435897436,0.41025641025641,0.423076923076923,0.457142857142857,0.391304347826087,0.37037037037037,0.5,0.5,0.5,0.481481481481481,0.432432432432432,0.404761904761905,0.375,0.307692307692308,0.380952380952381,0.404761904761905,0.428571428571429,0.425,0.37037037037037,0.37037037037037,0.380952380952381,0.380952380952381,0.5,0.333333333333333,0.452380952380952,0.414634146341463,0.361111111111111,0.384615384615385
id5552,0.789473684210526,0.789473684210526,0.764705882352941,0.705882352941177,0.8,0.7,0.8,0.789473684210526,0.777777777777778,0.8,1,0.55,1,0.722222222222222,0.75,0.8,0.9,0.666666666666667,0.631578947368421,0.75,0.85,0.85,0.625,0.75,0.7,0.9,0.8,0.571428571428571,1,0.722222222222222,0.875,0.55,0.125,0.125,0.125,0.5,0.5,0.125,0.526315789473684,0.45,0.4,0.555555555555556,0.5,0.166666666666667,0.45,0.5,0.473684210526316,0.388888888888889,0.45,0.55,0.55,0.5,0.35,0.375,0.45,0.45,0.578947368421053,0.4,0.428571428571429,0.388888888888889,0.578947368421053,0.375,0.526315789473684,0.555555555555556,0.45,0.125,0.166666666666667,0.578947368421053,0.526315789473684,0.375,0.375,0.45,0.526315789473684,0.444444444444444,0.428571428571429,0.473684210526316,0.45,0.5,0.6,0.5,0.55,0.5,0.529411764705882,0.5,0.5,0.125,0.55,0.55,0.611111111111111,0.5,0.375,0.125,0.444444444444444,0.45,0.611111111111111,0.8,0.5,0.5,0.470588235294118,0.473684210526316
id5508,0.641025641025641,0.666666666666667,0.48780487804878,0.666666666666667,0.8,0.634146341463415,0.644444444444444,0.659090909090909,0.565217391304348,0.619047619047619,0.55,1,0.6,0.674418604651163,0.733333333333333,0.68,0.590909090909091,0.731707317073171,0.857142857142857,0.604651162790698,0.727272727272727,0.622222222222222,0.724137931034483,0.758620689655172,0.604651162790698,0.5,0.511627906976744,0.758620689655172,0.586206896551724,0.542857142857143,0.62962962962963,0.733333333333333,0.6,0.3,0.6,0.678571428571429,0.790697674418605,0.533333333333333,0.806451612903226,0.733333333333333,0.688888888888889,0.826086956521739,0.75,0.666666666666667,0.755555555555556,0.777777777777778,0.581395348837209,0.761904761904762,0.688888888888889,0.697674418604651,0.72,0.652173913043478,0.64,0.68,0.704545454545455,0.659090909090909,0.75,0.682926829268293,0.586206896551724,0.744186046511628,0.75,0.689655172413793,0.708333333333333,0.682926829268293,0.755555555555556,0.6,0.607142857142857,0.675,0.775,0.666666666666667,0.620689655172414,0.714285714285714,0.675,0.69047619047619,0.689655172413793,0.631578947368421,0.64,0.5,0.733333333333333,0.777777777777778,0.717948717948718,0.666666666666667,0.775,0.688888888888889,0.697674418604651,0.551724137931034,0.666666666666667,0.733333333333333,0.652173913043478,0.744186046511628,0.633333333333333,0.566666666666667,0.739130434782609,0.711111111111111,0.727272727272727,0.777777777777778,0.733333333333333,0.674418604651163,0.743589743589744,0.714285714285714
id5624,0.833333333333333,1,0.896551724137931,0.807692307692308,0.8,0.75,0.866666666666667,0.758620689655172,1,0.888888888888889,1,0.6,1,0.785714285714286,0.8,0.8,0.862068965517241,0.703703703703704,0.571428571428571,0.785714285714286,0.793103448275862,0.833333333333333,0.620689655172414,0.724137931034483,0.75,0.8,0.857142857142857,0.689655172413793,0.862068965517241,0.916666666666667,0.740740740740741,0.466666666666667,0.4,0.1,0.4,0.535714285714286,0.464285714285714,0.333333333333333,0.411764705882353,0.4,0.366666666666667,0.375,0.482758620689655,0.37037037037037,0.433333333333333,0.433333333333333,0.4,0.407407407407407,0.4,0.428571428571429,0.3,0.25,0.1,0.52,0.482758620689655,0.379310344827586,0.482758620689655,0.384615384615385,0.413793103448276,0.517241379310345,0.448275862068966,0.448275862068966,0.3,0.384615384615385,0.5,0.333333333333333,0.392857142857143,0.48,0.538461538461538,0.466666666666667,0.448275862068966,0.444444444444444,0.538461538461538,0.37037037037037,0.413793103448276,0.434782608695652,0.2,0.366666666666667,0.466666666666667,0.5,0.625,0.466666666666667,0.44,0.433333333333333,0.428571428571429,0.275862068965517,0.466666666666667,0.466666666666667,0.375,0.5,0.366666666666667,0.366666666666667,0.125,0.366666666666667,0.375,0.333333333333333,0.466666666666667,0.392857142857143,0.461538461538462,0.428571428571429
id5499,0.810810810810811,0.8,0.666666666666667,0.617647058823529,0.744186046511628,0.666666666666667,0.720930232558139,0.666666666666667,0.857142857142857,0.7,0.722222222222222,0.674418604651163,0.785714285714286,1,0.720930232558139,0.782608695652174,0.666666666666667,0.666666666666667,0.666666666666667,0.658536585365854,0.80952380952381,0.651162790697674,0.555555555555556,0.703703703703704,0.707317073170732,0.666666666666667,0.658536585365854,0.666666666666667,0.62962962962963,0.696969696969697,0.72,0.488372093023256,0.5,0,0.428571428571429,0.535714285714286,0.51219512195122,0.5,0.517241379310345,0.488372093023256,0.441860465116279,0.434782608695652,0.523809523809524,0.48,0.511627906976744,0.534883720930233,0.463414634146341,0.5,0.441860465116279,0.560975609756098,0.391304347826087,0.428571428571429,0.304347826086957,0.478260869565217,0.5,0.523809523809524,0.5,0.461538461538462,0.555555555555556,0.48780487804878,0.523809523809524,0.518518518518518,0.363636363636364,0.487179487179487,0.511627906976744,0.5,0.5,0.473684210526316,0.657894736842105,0.5,0.592592592592593,0.475,0.5,0.425,0.592592592592593,0.444444444444444,0.391304347826087,0.464285714285714,0.534883720930233,0.534883720930233,0.567567567567568,0.571428571428571,0.5,0.441860465116279,0.51219512195122,0.444444444444444,0.511627906976744,0.534883720930233,0.428571428571429,0.536585365853659,0.535714285714286,0.392857142857143,0.380952380952381,0.511627906976744,0.45,0.444444444444444,0.534883720930233,0.51219512195122,0.487179487179487,0.475
id5498,0.743589743589744,0.777777777777778,0.731707317073171,0.805555555555556,0.8,0.731707317073171,0.822222222222222,0.818181818181818,0.826086956521739,0.785714285714286,0.75,0.733333333333333,0.8,0.720930232558139,1,0.8,0.704545454545455,0.707317073170732,0.657142857142857,0.837209302325581,0.818181818181818,0.8,0.689655172413793,0.793103448275862,0.720930232558139,0.727272727272727,0.767441860465116,0.689655172413793,0.793103448275862,0.714285714285714,0.703703703703704,0.555555555555556,0.466666666666667,0.2,0.466666666666667,0.607142857142857,0.558139534883721,0.4,0.516129032258065,0.511111111111111,0.511111111111111,0.521739130434783,0.522727272727273,0.518518518518518,0.533333333333333,0.555555555555556,0.441860465116279,0.523809523809524,0.511111111111111,0.488372093023256,0.52,0.434782608695652,0.36,0.6,0.477272727272727,0.477272727272727,0.568181818181818,0.463414634146341,0.482758620689655,0.534883720930233,0.590909090909091,0.586206896551724,0.5,0.536585365853659,0.577777777777778,0.466666666666667,0.464285714285714,0.55,0.6,0.533333333333333,0.482758620689655,0.547619047619048,0.575,0.523809523809524,0.551724137931034,0.526315789473684,0.44,0.433333333333333,0.6,0.6,0.564102564102564,0.6,0.55,0.511111111111111,0.465116279069767,0.413793103448276,0.533333333333333,0.511111111111111,0.434782608695652,0.511627906976744,0.5,0.5,0.434782608695652,0.488888888888889,0.545454545454545,0.444444444444444,0.555555555555556,0.511627906976744,0.512820512820513,0.5
id5563,0.681818181818182,0.625,0.619047619047619,0.65,0.8,0.782608695652174,0.84,0.708333333333333,0.652173913043478,0.608695652173913,0.8,0.68,0.8,0.782608695652174,0.8,1,0.72,0.857142857142857,0.772727272727273,0.8,0.76,0.72,0.7,1,0.565217391304348,0.75,0.666666666666667,0.888888888888889,0.777777777777778,0.6,0.9,0.56,0.1,0.1,0.1,0.375,0.52,0.1,0.565217391304348,0.48,0.44,0.565217391304348,0.52,0.125,0.48,0.52,0.478260869565217,0.454545454545455,0.48,0.583333333333333,0.56,0.478260869565217,0.4,0.3,0.48,0.48,0.583333333333333,0.44,0.444444444444444,0.478260869565217,0.583333333333333,0.3,0.541666666666667,0.565217391304348,0.48,0.1,0.125,0.583333333333333,0.583333333333333,0.3,0.3,0.48,0.590909090909091,0.478260869565217,0.333333333333333,0.458333333333333,0.48,0.4,0.6,0.52,0.56,0.4,0.545454545454545,0.52,0.478260869565217,0.1,0.6,0.56,0.565217391304348,0.52,0.3,0.1,0.478260869565217,0.48,0.590909090909091,0.833333333333333,0.52,0.52,0.523809523809524,0.5
id5549,0.794871794871795,0.814814814814815,0.85,0.771428571428571,0.727272727272727,0.675,0.840909090909091,0.790697674418605,0.826086956521739,0.75609756097561,0.9,0.590909090909091,0.862068965517241,0.666666666666667,0.704545454545455,0.72,1,0.65,0.6,0.714285714285714,0.767441860465116,0.818181818181818,0.620689655172414,0.714285714285714,0.785714285714286,0.883720930232558,0.833333333333333,0.607142857142857,0.928571428571429,0.852941176470588,0.692307692307692,0.454545454545455,0.275862068965517,0.1,0.344827586206897,0.481481481481481,0.5,0.275862068965517,0.533333333333333,0.454545454545455,0.363636363636364,0.521739130434783,0.465116279069767,0.346153846153846,0.431818181818182,0.5,0.380952380952381,0.414634146341463,0.409090909090909,0.476190476190476,0.44,0.478260869565217,0.36,0.44,0.441860465116279,0.372093023255814,0.465116279069767,0.375,0.428571428571429,0.476190476190476,0.441860465116279,0.392857142857143,0.416666666666667,0.475,0.477272727272727,0.275862068965517,0.333333333333333,0.45,0.512820512820513,0.413793103448276,0.321428571428571,0.476190476190476,0.45,0.365853658536585,0.357142857142857,0.421052631578947,0.44,0.379310344827586,0.454545454545455,0.5,0.538461538461538,0.482758620689655,0.461538461538462,0.409090909090909,0.476190476190476,0.285714285714286,0.477272727272727,0.5,0.478260869565217,0.452380952380952,0.379310344827586,0.379310344827586,0.434782608695652,0.431818181818182,0.5,0.555555555555556,0.454545454545455,0.357142857142857,0.447368421052632,0.439024390243902
id5528,0.736842105263158,0.695652173913043,0.578947368421053,0.71875,0.804878048780488,0.675675675675676,0.780487804878049,0.675,0.684210526315789,0.625,0.666666666666667,0.731707317073171,0.703703703703704,0.666666666666667,0.707317073170732,0.857142857142857,0.65,1,0.848484848484849,0.692307692307692,0.725,0.658536585365854,0.692307692307692,0.846153846153846,0.634146341463415,0.625,0.575,0.692307692307692,0.703703703703704,0.6875,0.875,0.51219512195122,0.444444444444444,0,0.37037037037037,0.44,0.564102564102564,0.444444444444444,0.703703703703704,0.609756097560976,0.51219512195122,0.631578947368421,0.55,0.416666666666667,0.585365853658537,0.609756097560976,0.45,0.564102564102564,0.463414634146341,0.575,0.523809523809524,0.55,0.523809523809524,0.454545454545455,0.575,0.55,0.525,0.513513513513513,0.5,0.575,0.55,0.461538461538462,0.523809523809524,0.540540540540541,0.585365853658537,0.37037037037037,0.52,0.5,0.555555555555556,0.444444444444444,0.576923076923077,0.657894736842105,0.564102564102564,0.5,0.461538461538462,0.571428571428571,0.523809523809524,0.407407407407407,0.560975609756098,0.560975609756098,0.657142857142857,0.592592592592593,0.666666666666667,0.560975609756098,0.475,0.384615384615385,0.536585365853659,0.51219512195122,0.55,0.564102564102564,0.481481481481481,0.407407407407407,0.526315789473684,0.585365853658537,0.578947368421053,0.666666666666667,0.609756097560976,0.512820512820513,0.583333333333333,0.552631578947368
id5568,0.65625,0.636363636363636,0.516129032258065,0.642857142857143,0.771428571428571,0.78125,0.657142857142857,0.617647058823529,0.6,0.558823529411765,0.631578947368421,0.857142857142857,0.571428571428571,0.666666666666667,0.657142857142857,0.772727272727273,0.6,0.848484848484849,1,0.636363636363636,0.742857142857143,0.542857142857143,0.619047619047619,0.761904761904762,0.514285714285714,0.529411764705882,0.441176470588235,0.55,0.571428571428571,0.592592592592593,0.833333333333333,0.628571428571429,0.428571428571429,0.125,0.333333333333333,0.473684210526316,0.696969696969697,0.476190476190476,0.833333333333333,0.685714285714286,0.571428571428571,0.85,0.676470588235294,0.421052631578947,0.657142857142857,0.742857142857143,0.515151515151515,0.636363636363636,0.571428571428571,0.705882352941177,0.727272727272727,0.75,0.636363636363636,0.421052631578947,0.657142857142857,0.588235294117647,0.647058823529412,0.645161290322581,0.55,0.636363636363636,0.676470588235294,0.45,0.714285714285714,0.709677419354839,0.628571428571429,0.380952380952381,0.526315789473684,0.612903225806452,0.7,0.428571428571429,0.55,0.727272727272727,0.617647058823529,0.5625,0.45,0.6,0.727272727272727,0.476190476190476,0.685714285714286,0.657142857142857,0.741935483870968,0.571428571428571,0.741935483870968,0.628571428571429,0.575757575757576,0.4,0.542857142857143,0.628571428571429,0.65,0.696969696969697,0.523809523809524,0.380952380952381,0.75,0.685714285714286,0.736842105263158,0.875,0.685714285714286,0.617647058823529,0.633333333333333,0.588235294117647
id5500,0.756756756756757,0.703703703703704,0.794871794871795,0.735294117647059,0.674418604651163,0.717948717948718,0.837209302325581,0.785714285714286,0.739130434782609,0.707317073170732,0.75,0.604651162790698,0.785714285714286,0.658536585365854,0.837209302325581,0.8,0.714285714285714,0.692307692307692,0.636363636363636,1,0.69047619047619,0.767441860465116,0.703703703703704,0.814814814814815,0.731707317073171,0.738095238095238,0.780487804878049,0.703703703703704,0.814814814814815,0.757575757575758,0.76,0.465116279069767,0.357142857142857,0.2,0.321428571428571,0.461538461538462,0.439024390243902,0.357142857142857,0.533333333333333,0.465116279069767,0.418604651162791,0.521739130434783,0.441860465116279,0.36,0.441860465116279,0.465116279069767,0.365853658536585,0.425,0.418604651162791,0.51219512195122,0.52,0.434782608695652,0.36,0.434782608695652,0.404761904761905,0.418604651162791,0.452380952380952,0.41025641025641,0.407407407407407,0.390243902439024,0.5,0.444444444444444,0.5,0.461538461538462,0.488372093023256,0.321428571428571,0.423076923076923,0.487179487179487,0.487179487179487,0.392857142857143,0.481481481481481,0.475,0.473684210526316,0.45,0.444444444444444,0.432432432432432,0.44,0.357142857142857,0.511627906976744,0.511627906976744,0.5,0.535714285714286,0.512820512820513,0.488372093023256,0.414634146341463,0.333333333333333,0.488372093023256,0.465116279069767,0.521739130434783,0.439024390243902,0.428571428571429,0.428571428571429,0.434782608695652,0.418604651162791,0.545454545454545,0.375,0.488372093023256,0.452380952380952,0.421052631578947,0.4
id5569,0.815789473684211,0.884615384615385,0.675,0.771428571428571,0.931818181818182,0.775,0.818181818181818,0.697674418604651,0.826086956521739,0.780487804878049,0.85,0.727272727272727,0.793103448275862,0.80952380952381,0.818181818181818,0.76,0.767441860465116,0.725,0.742857142857143,0.69047619047619,1,0.75,0.607142857142857,0.714285714285714,0.714285714285714,0.744186046511628,0.666666666666667,0.678571428571429,0.785714285714286,0.705882352941177,0.692307692307692,0.545454545454545,0.379310344827586,0.1,0.379310344827586,0.518518518518518,0.595238095238095,0.379310344827586,0.566666666666667,0.545454545454545,0.5,0.652173913043478,0.558139534883721,0.444444444444444,0.568181818181818,0.590909090909091,0.476190476190476,0.560975609756098,0.5,0.523809523809524,0.56,0.608695652173913,0.48,0.458333333333333,0.522727272727273,0.511627906976744,0.558139534883721,0.475,0.464285714285714,0.523809523809524,0.581395348837209,0.464285714285714,0.541666666666667,0.575,0.568181818181818,0.448275862068966,0.37037037037037,0.564102564102564,0.692307692307692,0.448275862068966,0.464285714285714,0.585365853658537,0.58974358974359,0.48780487804878,0.535714285714286,0.540540540540541,0.56,0.448275862068966,0.590909090909091,0.590909090909091,0.605263157894737,0.517241379310345,0.6,0.5,0.523809523809524,0.392857142857143,0.477272727272727,0.545454545454545,0.521739130434783,0.547619047619048,0.482758620689655,0.344827586206897,0.565217391304348,0.568181818181818,0.590909090909091,0.555555555555556,0.590909090909091,0.547619047619048,0.552631578947368,0.536585365853659
id5533,0.794871794871795,0.851851851851852,0.804878048780488,0.777777777777778,0.733333333333333,0.682926829268293,0.8,0.772727272727273,0.869565217391304,0.80952380952381,0.85,0.622222222222222,0.833333333333333,0.651162790697674,0.8,0.72,0.818181818181818,0.658536585365854,0.542857142857143,0.767441860465116,0.75,1,0.724137931034483,0.689655172413793,0.790697674418605,0.795454545454545,0.837209302325581,0.655172413793103,0.896551724137931,0.771428571428571,0.740740740740741,0.488888888888889,0.3,0.2,0.366666666666667,0.5,0.488372093023256,0.3,0.548387096774194,0.444444444444444,0.4,0.521739130434783,0.454545454545455,0.333333333333333,0.422222222222222,0.488888888888889,0.325581395348837,0.404761904761905,0.444444444444444,0.418604651162791,0.52,0.391304347826087,0.36,0.48,0.409090909090909,0.363636363636364,0.5,0.365853658536585,0.379310344827586,0.465116279069767,0.454545454545455,0.413793103448276,0.5,0.463414634146341,0.466666666666667,0.3,0.357142857142857,0.475,0.5,0.433333333333333,0.344827586206897,0.428571428571429,0.45,0.404761904761905,0.379310344827586,0.421052631578947,0.36,0.266666666666667,0.444444444444444,0.488888888888889,0.487179487179487,0.433333333333333,0.4,0.444444444444444,0.418604651162791,0.310344827586207,0.466666666666667,0.444444444444444,0.478260869565217,0.441860465116279,0.4,0.4,0.434782608695652,0.422222222222222,0.590909090909091,0.444444444444444,0.4,0.395348837209302,0.435897435897436,0.428571428571429
id14436,0.708333333333333,0.769230769230769,0.607142857142857,0.64,0.689655172413793,0.518518518518518,0.689655172413793,0.75,0.7,0.576923076923077,0.625,0.724137931034483,0.620689655172414,0.555555555555556,0.689655172413793,0.7,0.620689655172414,0.692307692307692,0.619047619047619,0.703703703703704,0.607142857142857,0.724137931034483,1,0.857142857142857,0.703703703703704,0.620689655172414,0.592592592592593,0.821428571428571,0.607142857142857,0.608695652173913,0.730769230769231,0.655172413793103,0.586206896551724,0.4,0.586206896551724,0.666666666666667,0.62962962962963,0.586206896551724,0.75,0.724137931034483,0.620689655172414,0.75,0.642857142857143,0.653846153846154,0.689655172413793,0.689655172413793,0.448275862068966,0.692307692307692,0.586206896551724,0.703703703703704,0.6,0.125,0.4,0.68,0.607142857142857,0.607142857142857,0.571428571428571,0.52,0.607142857142857,0.571428571428571,0.678571428571429,0.678571428571429,0.6,0.56,0.689655172413793,0.586206896551724,0.666666666666667,0.6,0.68,0.655172413793103,0.642857142857143,0.666666666666667,0.653846153846154,0.615384615384615,0.642857142857143,0.521739130434783,0.3,0.482758620689655,0.655172413793103,0.689655172413793,0.583333333333333,0.724137931034483,0.708333333333333,0.620689655172414,0.555555555555556,0.607142857142857,0.655172413793103,0.655172413793103,0.5,0.62962962962963,0.689655172413793,0.620689655172414,0.5,0.620689655172414,0.5,0.666666666666667,0.655172413793103,0.592592592592593,0.68,0.62962962962963
id14440,0.826086956521739,0.846153846153846,0.678571428571429,0.68,0.758620689655172,0.666666666666667,0.793103448275862,0.785714285714286,0.8,0.692307692307692,0.75,0.758620689655172,0.724137931034483,0.703703703703704,0.793103448275862,1,0.714285714285714,0.846153846153846,0.761904761904762,0.814814814814815,0.714285714285714,0.689655172413793,0.857142857142857,1,0.740740740740741,0.724137931034483,0.703703703703704,0.857142857142857,0.714285714285714,0.708333333333333,0.846153846153846,0.551724137931034,0.482758620689655,0.1,0.482758620689655,0.592592592592593,0.518518518518518,0.482758620689655,0.5625,0.620689655172414,0.517241379310345,0.375,0.535714285714286,0.538461538461538,0.586206896551724,0.586206896551724,0.413793103448276,0.576923076923077,0.482758620689655,0.592592592592593,0.3,0.125,0.1,0.583333333333333,0.5,0.5,0.5,0.4,0.607142857142857,0.5,0.607142857142857,0.571428571428571,0.3,0.52,0.586206896551724,0.482758620689655,0.555555555555556,0.541666666666667,0.6,0.551724137931034,0.535714285714286,0.653846153846154,0.64,0.5,0.571428571428571,0.5,0.2,0.448275862068966,0.620689655172414,0.586206896551724,0.565217391304348,0.689655172413793,0.625,0.517241379310345,0.481481481481481,0.5,0.551724137931034,0.551724137931034,0.25,0.518518518518518,0.586206896551724,0.517241379310345,0.125,0.517241379310345,0.25,0.5,0.620689655172414,0.5,0.56,0.518518518518518
id5543,0.82051282051282,0.84,0.82051282051282,0.705882352941177,0.697674418604651,0.564102564102564,0.813953488372093,0.785714285714286,0.904761904761905,0.833333333333333,0.7,0.604651162790698,0.75,0.707317073170732,0.720930232558139,0.565217391304348,0.785714285714286,0.634146341463415,0.514285714285714,0.731707317073171,0.714285714285714,0.790697674418605,0.703703703703704,0.740740740740741,1,0.857142857142857,0.904761904761905,0.777777777777778,0.892857142857143,0.852941176470588,0.8,0.395348837209302,0.392857142857143,0.25,0.392857142857143,0.538461538461538,0.439024390243902,0.392857142857143,0.482758620689655,0.441860465116279,0.348837209302326,0.428571428571429,0.404761904761905,0.44,0.418604651162791,0.488372093023256,0.268292682926829,0.390243902439024,0.348837209302326,0.476190476190476,0.347826086956522,0.285714285714286,0.260869565217391,0.478260869565217,0.357142857142857,0.357142857142857,0.404761904761905,0.307692307692308,0.407407407407407,0.365853658536585,0.404761904761905,0.481481481481481,0.318181818181818,0.358974358974359,0.418604651162791,0.392857142857143,0.461538461538462,0.342105263157895,0.473684210526316,0.464285714285714,0.444444444444444,0.475,0.325,0.325,0.481481481481481,0.333333333333333,0.260869565217391,0.357142857142857,0.395348837209302,0.441860465116279,0.405405405405405,0.535714285714286,0.394736842105263,0.348837209302326,0.414634146341463,0.444444444444444,0.418604651162791,0.441860465116279,0.380952380952381,0.390243902439024,0.5,0.428571428571429,0.333333333333333,0.418604651162791,0.4,0.333333333333333,0.395348837209302,0.341463414634146,0.378378378378378,0.375
id5556,0.763157894736842,0.807692307692308,0.875,0.722222222222222,0.704545454545455,0.7,0.818181818181818,0.813953488372093,0.863636363636364,0.878048780487805,0.9,0.5,0.8,0.666666666666667,0.727272727272727,0.75,0.883720930232558,0.625,0.529411764705882,0.738095238095238,0.744186046511628,0.795454545454545,0.620689655172414,0.724137931034483,0.857142857142857,1,0.904761904761905,0.689655172413793,0.931034482758621,0.857142857142857,0.777777777777778,0.363636363636364,0.266666666666667,0.1,0.266666666666667,0.392857142857143,0.357142857142857,0.266666666666667,0.366666666666667,0.363636363636364,0.318181818181818,0.363636363636364,0.325581395348837,0.333333333333333,0.340909090909091,0.409090909090909,0.302325581395349,0.317073170731707,0.318181818181818,0.404761904761905,0.375,0.318181818181818,0.208333333333333,0.36,0.302325581395349,0.302325581395349,0.372093023255814,0.25,0.344827586206897,0.333333333333333,0.395348837209302,0.379310344827586,0.347826086956522,0.375,0.386363636363636,0.266666666666667,0.321428571428571,0.358974358974359,0.41025641025641,0.333333333333333,0.310344827586207,0.439024390243902,0.358974358974359,0.317073170731707,0.344827586206897,0.378378378378378,0.291666666666667,0.366666666666667,0.409090909090909,0.409090909090909,0.394736842105263,0.466666666666667,0.358974358974359,0.318181818181818,0.333333333333333,0.310344827586207,0.386363636363636,0.363636363636364,0.409090909090909,0.30952380952381,0.366666666666667,0.366666666666667,0.272727272727273,0.340909090909091,0.428571428571429,0.444444444444444,0.363636363636364,0.30952380952381,0.289473684210526,0.292682926829268
