Row,id10568,id10570,id10571,id10572,id10573,id10574,id10575,id10576,id10577,id10578,id10579,id10584,id10818,id11298,id11394,id11395,id11396,id11398,id11445,id12223,id14189,id14191,id14192,id14436,id14437,id14438,id14439,id14440,id14441,id14442,id14443,id14444,id14445,id14446,id14447,id14448,id14761,id14762,id14764,id14766,id14767,id14768,id16085,id16115,id16175,id16530,id16537,id16538,id16701,id16702,id16703,id16704,id16801,id16807,id17692,id17750,id17791,id5482,id5483,id5489,id5492,id5493,id5494,id5497,id5498,id5499,id5500,id5502,id5506,id5508,id5509,id5510,id5513,id5514,id5515,id5518,id5519,id5524,id5527,id5528,id5529,id5532,id5533,id5536,id5537,id5539,id5543,id5544,id5546,id5549,id5553,id5556,id5557,id5560,id5565,id5566,id5567,id5568,id5569,id5570,id5571,id5573,id5576,id5624
id10568,1,0.818181818181818,0.84083044982699,0.802083333333333,0.826241134751773,0.877076411960133,0.878594249201278,0.790163934426229,0.841772151898734,0.880877742946709,0.827464788732394,0.810289389067524,0.840909090909091,0.898089171974522,0.784126984126984,0.863492063492064,0.829581993569132,0.770053475935829,0.811111111111111,0.34375,0.796875,0.442622950819672,0.859375,0.521276595744681,0.765027322404372,0.763157894736842,0.823204419889503,0.486033519553073,0.780104712041885,0.516304347826087,0.788359788359788,0.764397905759162,0.834224598930481,0.405263157894737,0.805263157894737,0.74869109947644,0.830687830687831,0.786458333333333,0.806282722513089,0.821621621621622,0.869109947643979,0.825396825396825,0.87719298245614,0.830508474576271,0.811965811965812,0.886363636363636,0.815217391304348,0.760869565217391,0.876404494382023,0.858695652173913,0.478260869565217,1,0.83695652173913,0.83695652173913,0.233333333333333,0.966666666666667,1,0.442307692307692,0.815047021943574,0.565079365079365,0.378839590443686,0.90032154340836,0.387323943661972,0.865384615384615,0.481012658227848,0.516025641025641,0.509554140127389,0.833333333333333,0.442508710801394,0.70125786163522,0.831210191082803,0.836990595611285,0.798076923076923,0.855345911949686,0.866666666666667,0.368217054263566,0.86984126984127,0.819727891156463,0.829710144927536,0.553956834532374,0.392070484581498,0.478114478114478,0.445141065830721,0.860927152317881,0.77124183006536,0.868243243243243,0.377049180327869,0.838187702265372,0.821969696969697,0.402597402597403,0.404682274247492,0.327974276527331,0.866666666666667,0.801948051948052,0.814189189189189,0.370967741935484,0.844827586206897,0.666666666666667,0.539432176656151,0.838709677419355,0.861635220125786,0.816720257234727,0.830275229357798,0.463541666666667
id10570,0.818181818181818,1,0.837931034482759,0.847750865051903,0.855123674911661,0.874172185430464,0.837579617834395,0.816993464052288,0.832807570977918,0.83125,0.856140350877193,0.826923076923077,0.857605177993528,0.844444444444444,0.810126582278481,0.85126582278481,0.836538461538462,0.812834224598931,0.822222222222222,0.328719723183391,0.791666666666667,0.415300546448087,0.791666666666667,0.5,0.754098360655738,0.747368421052632,0.795580110497238,0.407821229050279,0.795811518324607,0.472826086956522,0.82010582010582,0.769633507853403,0.828877005347594,0.336842105263158,0.8,0.759162303664921,0.804232804232804,0.802083333333333,0.827225130890052,0.783783783783784,0.790575916230366,0.814814814814815,0.842105263157895,0.822033898305085,0.752136752136752,0.738636363636364,0.717391304347826,0.728260869565217,0.797752808988764,0.739130434782609,0.402173913043478,1,0.760869565217391,0.760869565217391,0.333333333333333,0.8,0.833333333333333,0.405750798722045,0.840625,0.522151898734177,0.370748299319728,0.82051282051282,0.396491228070175,0.932692307692308,0.463722397476341,0.455128205128205,0.473015873015873,0.833898305084746,0.399305555555556,0.626959247648903,0.815873015873016,0.840625,0.817891373801917,0.815047021943574,0.822784810126582,0.32046332046332,0.79746835443038,0.840677966101695,0.84115523465704,0.530465949820789,0.416666666666667,0.439597315436242,0.4125,0.844884488448845,0.739413680781759,0.831649831649832,0.336601307189543,0.82258064516129,0.856603773584906,0.391585760517799,0.423333333333333,0.320512820512821,0.841772151898734,0.799352750809062,0.835016835016835,0.308681672025724,0.81786941580756,0.633204633204633,0.522012578616352,0.836012861736334,0.849529780564263,0.817307692307692,0.849315068493151,0.427083333333333
id10571,0.84083044982699,0.837931034482759,1,0.834615384615385,0.870588235294118,0.871323529411765,0.873239436619718,0.804347826086957,0.839721254355401,0.868965517241379,0.861538461538462,0.815602836879433,0.867383512544803,0.877622377622378,0.836236933797909,0.878048780487805,0.868794326241135,0.795031055900621,0.775280898876405,0.325842696629214,0.829268292682927,0.4,0.878048780487805,0.509316770186335,0.761290322580645,0.783950617283951,0.797385620915033,0.431372549019608,0.798780487804878,0.49685534591195,0.796296296296296,0.760736196319018,0.836477987421384,0.358024691358025,0.808641975308642,0.754601226993865,0.850931677018634,0.823170731707317,0.797546012269939,0.821656050955414,0.858895705521472,0.87037037037037,0.852272727272727,0.793478260869565,0.847826086956522,0.840909090909091,0.758241758241758,0.791208791208791,0.875,0.824175824175824,0.538461538461538,1,0.846153846153846,0.857142857142857,0.344827586206897,0.862068965517241,0.896551724137931,0.419014084507042,0.810344827586207,0.541958041958042,0.353383458646617,0.855633802816901,0.368627450980392,0.89247311827957,0.449477351916376,0.475177304964539,0.442105263157895,0.866197183098592,0.420849420849421,0.667820069204152,0.842657342657343,0.824137931034483,0.823943661971831,0.858131487889273,0.839721254355401,0.306034482758621,0.828671328671329,0.841911764705882,0.842741935483871,0.547169811320755,0.387254901960784,0.427509293680297,0.389655172413793,0.84981684981685,0.738351254480287,0.883895131086142,0.335740072202166,0.861209964412811,0.843220338983051,0.365591397849462,0.37037037037037,0.297872340425532,0.891608391608392,0.82078853046595,0.843866171003718,0.316725978647687,0.854961832061069,0.650205761316872,0.524305555555556,0.864768683274021,0.878892733564014,0.773851590106007,0.824074074074074,0.451219512195122
id10572,0.802083333333333,0.847750865051903,0.834615384615385,1,0.863813229571984,0.881918819188192,0.862190812720848,0.891696750902527,0.881533101045296,0.86159169550173,0.873239436619718,0.856643356643357,0.870503597122302,0.822916666666667,0.828671328671329,0.885017421602787,0.879432624113475,0.770700636942675,0.80327868852459,0.297297297297297,0.826086956521739,0.38961038961039,0.788819875776398,0.430379746835443,0.813664596273292,0.751552795031056,0.869281045751634,0.393333333333333,0.8,0.438709677419355,0.854430379746835,0.75625,0.842767295597484,0.31875,0.830188679245283,0.74375,0.822784810126582,0.77639751552795,0.85625,0.779220779220779,0.85,0.773584905660377,0.807228915662651,0.839080459770115,0.744186046511628,0.741935483870968,0.758064516129032,0.725806451612903,0.779661016949153,0.725806451612903,0.403225806451613,1,0.758064516129032,0.806451612903226,NaN,NaN,NaN,0.365248226950355,0.85121107266436,0.491228070175439,0.318181818181818,0.839857651245552,0.3671875,0.936170212765957,0.433566433566434,0.431095406360424,0.437062937062937,0.878787878787879,0.391472868217054,0.629757785467128,0.852112676056338,0.820069204152249,0.847517730496454,0.864583333333333,0.824561403508772,0.303418803418803,0.828070175438597,0.888059701492537,0.87037037037037,0.568,0.370044052863436,0.411985018726592,0.380622837370242,0.872727272727273,0.721014492753623,0.891791044776119,0.293478260869565,0.85,0.873949579831933,0.315412186379928,0.385185185185185,0.286219081272085,0.880701754385965,0.849462365591398,0.864468864468865,0.303571428571429,0.882575757575758,0.626609442060086,0.494773519163763,0.882562277580071,0.885416666666667,0.858657243816254,0.842105263157895,0.416149068322981
id10573,0.826241134751773,0.855123674911661,0.870588235294118,0.863813229571984,1,0.904593639575972,0.862815884476534,0.858736059479554,0.875444839857651,0.872791519434629,0.892857142857143,0.887272727272727,0.886029411764706,0.848920863309353,0.917562724014337,0.899641577060932,0.916363636363636,0.746666666666667,0.847058823529412,0.267716535433071,0.851612903225806,0.380952380952381,0.812903225806452,0.496688741721854,0.835616438356164,0.790849673202614,0.826388888888889,0.381944444444444,0.850649350649351,0.45578231292517,0.809210526315789,0.785714285714286,0.86,0.300653594771242,0.830065359477124,0.818181818181818,0.836601307189543,0.812903225806452,0.864516129032258,0.803921568627451,0.844155844155844,0.843137254901961,0.811320754716981,0.809090909090909,0.798165137614679,0.783132530120482,0.770114942528736,0.793103448275862,0.845238095238095,0.781609195402299,0.459770114942529,NaN,0.816091954022989,0.804597701149425,0.346153846153846,0.769230769230769,0.769230769230769,0.391304347826087,0.869257950530035,0.492857142857143,0.32183908045977,0.859205776173285,0.356,0.916666666666667,0.419928825622776,0.435251798561151,0.453571428571429,0.895348837209302,0.374501992031873,0.656028368794326,0.884892086330935,0.855123674911661,0.873188405797101,0.886925795053004,0.824372759856631,0.28,0.802867383512545,0.869230769230769,0.892307692307692,0.573770491803279,0.336734693877551,0.405017921146953,0.335689045936396,0.906015037593985,0.716911764705882,0.904214559386973,0.288888888888889,0.904761904761905,0.883620689655172,0.311594202898551,0.367424242424242,0.27536231884058,0.881720430107527,0.860294117647059,0.903846153846154,0.276363636363636,0.89272030651341,0.669642857142857,0.5,0.872262773722628,0.918439716312057,0.807272727272727,0.864485981308411,0.4
id10574,0.877076411960133,0.874172185430464,0.871323529411765,0.881918819188192,0.904593639575972,1,0.905405405405405,0.864583333333333,0.88628762541806,0.927152317880795,0.925093632958802,0.891156462585034,0.907216494845361,0.882154882154882,0.89261744966443,0.922818791946309,0.928571428571429,0.775147928994083,0.888888888888889,0.273062730627306,0.936781609195402,0.375757575757576,0.873563218390805,0.464705882352941,0.878787878787879,0.831395348837209,0.907975460122699,0.41358024691358,0.907514450867052,0.451807228915663,0.853801169590643,0.838150289017341,0.940828402366864,0.284883720930233,0.86046511627907,0.803468208092486,0.91812865497076,0.844827586206897,0.913294797687861,0.862275449101796,0.92485549132948,0.888888888888889,0.912280701754386,0.872881355932203,0.854700854700855,0.852272727272727,0.804347826086957,0.815217391304348,0.921348314606742,0.891304347826087,0.467391304347826,1,0.91304347826087,0.891304347826087,0.233333333333333,0.966666666666667,1,0.386440677966102,0.880794701986755,0.520134228187919,0.329710144927536,0.914965986394558,0.348314606741573,0.98989898989899,0.42809364548495,0.465986394557823,0.457912457912458,0.916967509025271,0.4,0.661129568106312,0.905723905723906,0.884105960264901,0.898305084745763,0.913621262458472,0.865771812080537,0.283950617283951,0.825503355704698,0.884476534296029,0.906137184115523,0.532567049808429,0.361904761904762,0.419463087248322,0.357615894039735,0.947368421052632,0.754325259515571,0.942652329749104,0.298611111111111,0.914383561643836,0.876,0.31864406779661,0.353356890459364,0.27891156462585,0.922818791946309,0.900343642611684,0.913978494623656,0.286689419795222,0.904761904761905,0.639004149377593,0.516666666666667,0.907849829351536,0.943521594684385,0.850340136054422,0.894977168949772,0.373563218390805
id10575,0.878594249201278,0.837579617834395,0.873239436619718,0.862190812720848,0.862815884476534,0.905405405405405,1,0.850993377483444,0.864951768488746,0.910828025477707,0.85663082437276,0.836601307189543,0.897689768976898,0.889967637540453,0.82258064516129,0.916129032258065,0.882352941176471,0.771739130434783,0.813953488372093,0.320422535211268,0.866310160427808,0.455056179775281,0.919786096256685,0.551912568306011,0.825842696629214,0.8,0.865168539325843,0.482758620689655,0.811827956989247,0.525139664804469,0.793478260869565,0.768817204301075,0.895604395604396,0.372972972972973,0.837837837837838,0.736559139784946,0.891304347826087,0.828877005347594,0.833333333333333,0.877777777777778,0.93010752688172,0.853260869565217,0.883928571428571,0.850877192982456,0.902654867256637,0.869047619047619,0.795454545454545,0.818181818181818,0.882352941176471,0.886363636363636,0.545454545454545,1,0.886363636363636,0.931818181818182,0.233333333333333,0.9,0.933333333333333,0.413680781758958,0.840764331210191,0.551612903225806,0.359861591695502,0.911764705882353,0.354838709677419,0.942307692307692,0.453376205787781,0.506535947712418,0.478964401294498,0.868512110726644,0.431095406360424,0.696485623003195,0.883495145631068,0.863057324840764,0.833876221498371,0.904153354632588,0.896774193548387,0.33984375,0.87741935483871,0.878892733564014,0.867158671586716,0.547445255474453,0.392857142857143,0.445205479452055,0.417197452229299,0.889261744966443,0.782178217821782,0.920962199312715,0.345514950166113,0.888157894736842,0.849420849420849,0.36963696369637,0.391156462585034,0.30718954248366,0.912903225806452,0.818481848184819,0.866438356164384,0.323529411764706,0.884210526315789,0.661417322834646,0.548076923076923,0.904918032786885,0.904153354632588,0.836601307189543,0.817757009345794,0.449197860962567
id10576,0.790163934426229,0.816993464052288,0.804347826086957,0.891696750902527,0.858736059479554,0.864583333333333,0.850993377483444,1,0.894389438943894,0.843137254901961,0.871794871794872,0.883333333333333,0.874576271186441,0.833887043189369,0.844370860927152,0.871287128712871,0.883333333333333,0.771428571428571,0.807692307692308,0.296028880866426,0.866666666666667,0.36046511627907,0.794444444444444,0.465909090909091,0.812865497076023,0.822222222222222,0.824561403508772,0.410714285714286,0.804469273743017,0.468208092485549,0.847457627118644,0.815642458100559,0.869318181818182,0.325842696629214,0.820224719101124,0.759776536312849,0.84180790960452,0.844444444444444,0.860335195530726,0.815028901734104,0.843575418994413,0.807909604519774,0.794117647058823,0.839622641509434,0.780952380952381,0.710526315789474,0.7625,0.8,0.766233766233766,0.75,0.4125,1,0.7625,0.775,0.285714285714286,0.714285714285714,0.678571428571429,0.384615384615385,0.843137254901961,0.509933774834437,0.334519572953737,0.832214765100671,0.360294117647059,0.901960784313726,0.405940594059406,0.432885906040268,0.421926910299003,0.864768683274021,0.368613138686131,0.613114754098361,0.877483443708609,0.849673202614379,0.836120401337793,0.855737704918033,0.841059602649007,0.313253012048193,0.841059602649007,0.873239436619718,0.867924528301887,0.555970149253731,0.37037037037037,0.404929577464789,0.375816993464052,0.854671280276817,0.689419795221843,0.872791519434629,0.304794520547945,0.847972972972973,0.872509960159363,0.327702702702703,0.395833333333333,0.280936454849498,0.851485148514851,0.864864864864865,0.873684210526316,0.306397306397306,0.87410071942446,0.631578947368421,0.483552631578947,0.882154882154882,0.879084967320261,0.832214765100671,0.795121951219512,0.383333333333333
id10577,0.841772151898734,0.832807570977918,0.839721254355401,0.881533101045296,0.875444839857651,0.88628762541806,0.864951768488746,0.894389438943894,1,0.889589905362776,0.848056537102474,0.886731391585761,0.869281045751634,0.868589743589744,0.866242038216561,0.888178913738019,0.87378640776699,0.747311827956989,0.852272727272727,0.27972027972028,0.878947368421053,0.348066298342541,0.847368421052632,0.467741935483871,0.812154696132597,0.813829787234043,0.88268156424581,0.398876404494382,0.80952380952381,0.445054945054945,0.844919786096257,0.777777777777778,0.875675675675676,0.276595744680851,0.845744680851064,0.767195767195767,0.861702127659574,0.794736842105263,0.873015873015873,0.825136612021858,0.888888888888889,0.818181818181818,0.866071428571429,0.887931034482759,0.791304347826087,0.825581395348837,0.811111111111111,0.755555555555556,0.862068965517241,0.844444444444444,0.4,NaN,0.855555555555556,0.855555555555556,0.310344827586207,0.896551724137931,0.931034482758621,0.361290322580645,0.848580441640379,0.504792332268371,0.312714776632302,0.870550161812298,0.333333333333333,0.912621359223301,0.388535031847134,0.414239482200647,0.407051282051282,0.86986301369863,0.347368421052632,0.610759493670886,0.884615384615385,0.858044164037855,0.842443729903537,0.873417721518987,0.843450479233227,0.27734375,0.846645367412141,0.897260273972603,0.876363636363636,0.532608695652174,0.323008849557522,0.383050847457627,0.359621451104101,0.876666666666667,0.677631578947368,0.891156462585034,0.277227722772277,0.86970684039088,0.889312977099237,0.300653594771242,0.37037037037037,0.255663430420712,0.875399361022364,0.862745098039216,0.86734693877551,0.269480519480519,0.888888888888889,0.612403100775194,0.468354430379747,0.87987012987013,0.908227848101266,0.845161290322581,0.805555555555556,0.363157894736842
id10578,0.880877742946709,0.83125,0.868965517241379,0.86159169550173,0.872791519434629,0.927152317880795,0.910828025477707,0.843137254901961,0.889589905362776,1,0.884210526315789,0.871794871794872,0.867313915857605,0.86984126984127,0.848101265822785,0.920886075949367,0.887820512820513,0.775401069518717,0.855555555555556,0.307958477508651,0.885416666666667,0.404371584699454,0.927083333333333,0.515957446808511,0.830601092896175,0.8,0.895027624309392,0.458100558659218,0.806282722513089,0.505434782608696,0.82010582010582,0.790575916230366,0.903743315508021,0.336842105263158,0.831578947368421,0.743455497382199,0.888888888888889,0.8125,0.837696335078534,0.881081081081081,0.926701570680628,0.862433862433862,0.894736842105263,0.898305084745763,0.846153846153846,0.909090909090909,0.793478260869565,0.760869565217391,0.932584269662921,0.923913043478261,0.456521739130435,1,0.923913043478261,0.902173913043478,0.266666666666667,0.933333333333333,0.966666666666667,0.402555910543131,0.840625,0.534810126582278,0.350340136054422,0.935897435897436,0.357894736842105,0.951923076923077,0.451104100946372,0.483974358974359,0.473015873015873,0.894915254237288,0.409722222222222,0.695924764890282,0.901587301587302,0.859375,0.853035143769968,0.915360501567398,0.860759493670886,0.308880308880309,0.860759493670886,0.901694915254237,0.902527075812274,0.541218637992832,0.381578947368421,0.432885906040268,0.40625,0.910891089108911,0.752442996742671,0.929292929292929,0.316993464052288,0.896774193548387,0.849056603773585,0.343042071197411,0.376666666666667,0.288461538461538,0.89873417721519,0.86084142394822,0.875420875420875,0.311897106109325,0.890034364261168,0.648648648648649,0.540880503144654,0.90032154340836,0.912225705329154,0.830128205128205,0.853881278538813,0.427083333333333
id10579,0.827464788732394,0.856140350877193,0.861538461538462,0.873239436619718,0.892857142857143,0.925093632958802,0.85663082437276,0.871794871794872,0.848056537102474,0.884210526315789,1,0.865248226950355,0.912408759124088,0.845070422535211,0.865724381625442,0.904929577464789,0.902877697841727,0.805194805194805,0.836065573770492,0.2890625,0.89171974522293,0.409395973154362,0.853503184713376,0.454545454545455,0.815286624203822,0.802547770700637,0.806666666666667,0.417808219178082,0.858974358974359,0.470198675496689,0.831168831168831,0.82051282051282,0.871794871794872,0.33974358974359,0.806451612903226,0.743589743589744,0.863636363636364,0.872611464968153,0.878205128205128,0.813333333333333,0.852564102564103,0.83974358974359,0.85,0.833333333333333,0.80952380952381,0.806451612903226,0.758064516129032,0.82258064516129,0.88135593220339,0.82258064516129,0.467741935483871,1,0.854838709677419,0.870967741935484,NaN,NaN,NaN,0.402877697841727,0.831578947368421,0.501779359430605,0.342307692307692,0.859712230215827,0.370517928286853,0.945652173913043,0.457446808510638,0.469534050179211,0.439716312056738,0.881226053639847,0.4,0.652631578947368,0.878571428571429,0.828070175438597,0.852517985611511,0.876760563380282,0.843971631205674,0.3,0.829181494661922,0.856060606060606,0.883458646616541,0.548387096774194,0.376681614349776,0.437262357414449,0.375438596491228,0.88929889298893,0.706959706959707,0.88212927756654,0.305147058823529,0.869565217391304,0.867521367521368,0.327272727272727,0.360902255639098,0.297491039426523,0.882562277580071,0.883636363636364,0.874074074074074,0.297101449275362,0.869230769230769,0.663793103448276,0.519434628975265,0.855595667870036,0.897887323943662,0.842293906810036,0.868421052631579,0.439490445859873
id10584,0.810289389067524,0.826923076923077,0.815602836879433,0.856643356643357,0.887272727272727,0.891156462585034,0.836601307189543,0.883333333333333,0.886731391585761,0.871794871794872,0.865248226950355,1,0.843853820598007,0.833876221498371,0.892857142857143,0.866883116883117,0.891803278688525,0.743016759776536,0.857142857142857,0.256227758007117,0.858695652173913,0.348571428571429,0.804347826086957,0.466666666666667,0.8,0.820652173913043,0.84,0.374269005847953,0.808743169398907,0.454545454545455,0.762430939226519,0.819672131147541,0.862637362637363,0.285714285714286,0.809782608695652,0.759562841530055,0.841530054644809,0.815217391304348,0.808743169398907,0.807909604519774,0.836065573770492,0.806629834254144,0.814814814814815,0.821428571428571,0.783783783783784,0.695121951219512,0.720930232558139,0.755813953488372,0.783132530120482,0.744186046511628,0.372093023255814,1,0.767441860465116,0.720930232558139,0.4,0.68,0.64,0.380327868852459,0.865384615384615,0.49025974025974,0.325174825174825,0.851973684210526,0.357400722021661,0.941747572815534,0.41747572815534,0.414473684210526,0.439739413680782,0.850174216027875,0.360714285714286,0.604501607717042,0.86970684039088,0.846153846153846,0.850162866449511,0.868167202572347,0.814935064935065,0.282868525896414,0.811688311688312,0.862542955326461,0.879120879120879,0.529411764705882,0.345132743362832,0.410344827586207,0.358974358974359,0.891525423728814,0.668896321070234,0.8719723183391,0.285234899328859,0.858552631578947,0.868217054263566,0.299003322259136,0.376712328767123,0.301639344262295,0.853896103896104,0.854304635761589,0.880546075085324,0.303630363036304,0.865724381625442,0.634920634920635,0.483870967741936,0.871287128712871,0.877813504823151,0.809210526315789,0.854460093896714,0.364130434782609
id10818,0.840909090909091,0.857605177993528,0.867383512544803,0.870503597122302,0.886029411764706,0.907216494845361,0.897689768976898,0.874576271186441,0.869281045751634,0.867313915857605,0.912408759124088,0.843853820598007,1,0.868421052631579,0.852459016393443,0.891803278688525,0.894039735099338,0.76271186440678,0.811111111111111,0.297491039426523,0.868131868131868,0.38728323699422,0.862637362637363,0.47752808988764,0.803468208092486,0.777777777777778,0.830409356725146,0.431952662721893,0.839779005524862,0.488505747126437,0.844444444444444,0.795580110497238,0.88135593220339,0.333333333333333,0.833333333333333,0.767955801104972,0.860335195530726,0.835164835164835,0.845303867403315,0.845714285714286,0.889502762430939,0.849162011173184,0.894736842105263,0.855932203389831,0.837606837606838,0.840909090909091,0.75,0.804347826086957,0.865168539325843,0.858695652173913,0.478260869565217,1,0.83695652173913,0.83695652173913,0.333333333333333,0.866666666666667,0.9,0.400662251655629,0.822006472491909,0.521311475409836,0.328621908127208,0.870431893687708,0.357664233576642,0.923076923076923,0.42483660130719,0.465116279069767,0.430921052631579,0.887323943661972,0.379061371841155,0.665584415584416,0.875,0.867313915857605,0.841059602649007,0.87012987012987,0.855737704918033,0.290322580645161,0.829508196721311,0.859154929577465,0.890977443609023,0.548148148148148,0.354838709677419,0.407665505226481,0.372168284789644,0.883959044368601,0.733108108108108,0.909090909090909,0.291525423728814,0.859531772575251,0.885826771653543,0.348993288590604,0.363321799307958,0.272425249169435,0.904918032786885,0.846153846153846,0.888111888111888,0.286666666666667,0.871886120996441,0.633064516129032,0.511400651465798,0.903333333333333,0.905844155844156,0.820598006644518,0.807339449541284,0.412087912087912
id11298,0.898089171974522,0.844444444444444,0.877622377622378,0.822916666666667,0.848920863309353,0.882154882154882,0.889967637540453,0.833887043189369,0.868589743589744,0.86984126984127,0.845070422535211,0.833876221498371,0.868421052631579,1,0.810289389067524,0.868167202572347,0.837133550488599,0.775956284153005,0.848837209302326,0.326315789473684,0.840425531914894,0.430167597765363,0.872340425531915,0.532608695652174,0.782122905027933,0.78494623655914,0.819209039548023,0.462857142857143,0.812834224598931,0.519337016574586,0.816216216216216,0.807486631016043,0.85792349726776,0.39247311827957,0.827956989247312,0.807486631016043,0.832432432432432,0.829787234042553,0.839572192513369,0.861878453038674,0.893048128342246,0.859459459459459,0.918181818181818,0.850877192982456,0.849557522123894,0.909090909090909,0.761363636363636,0.75,0.917647058823529,0.897727272727273,0.488636363636364,1,0.897727272727273,0.909090909090909,0.269230769230769,0.923076923076923,0.961538461538462,0.435064935064935,0.819047619047619,0.569131832797428,0.377162629757785,0.866449511400652,0.384341637010676,0.900990099009901,0.455128205128205,0.503246753246753,0.482315112540193,0.837931034482759,0.445229681978799,0.679365079365079,0.832258064516129,0.847619047619048,0.821428571428571,0.866242038216561,0.881028938906752,0.341085271317829,0.845659163987138,0.851724137931035,0.855072463768116,0.543478260869565,0.400881057268722,0.467576791808874,0.419047619047619,0.852842809364548,0.76158940397351,0.873287671232877,0.362126245847176,0.839344262295082,0.834615384615385,0.404605263157895,0.403389830508475,0.322475570032573,0.881028938906752,0.8,0.827702702702703,0.343137254901961,0.843205574912892,0.658823529411765,0.55591054313099,0.879084967320261,0.875796178343949,0.820846905537459,0.813084112149533,0.473404255319149
id11394,0.784126984126984,0.810126582278481,0.836236933797909,0.828671328671329,0.917562724014337,0.89261744966443,0.82258064516129,0.844370860927152,0.866242038216561,0.848101265822785,0.865724381625442,0.892857142857143,0.852459016393443,0.810289389067524,1,0.852564102564103,0.873376623376623,0.741935483870968,0.898876404494382,0.259649122807018,0.868421052631579,0.364640883977901,0.794736842105263,0.473118279569893,0.806629834254144,0.808510638297872,0.810055865921788,0.387640449438202,0.835978835978836,0.461538461538462,0.79144385026738,0.80952380952381,0.832432432432432,0.303191489361702,0.824468085106383,0.772486772486772,0.828877005347594,0.794736842105263,0.830687830687831,0.786885245901639,0.814814814814815,0.823529411764706,0.848214285714286,0.827586206896552,0.782608695652174,0.770114942528736,0.78021978021978,0.813186813186813,0.852272727272727,0.813186813186813,0.483516483516484,1,0.824175824175824,0.802197802197802,0.344827586206897,0.862068965517241,0.827586206896552,0.375404530744337,0.838607594936709,0.487179487179487,0.324137931034483,0.831168831168831,0.360424028268551,0.920792079207921,0.402555910543131,0.409090909090909,0.427652733118971,0.862542955326461,0.345070422535211,0.615873015873016,0.855305466237942,0.841772151898734,0.880258899676375,0.838095238095238,0.788461538461538,0.268482490272374,0.78525641025641,0.838487972508591,0.864963503649635,0.534296028880866,0.32,0.401360544217687,0.319620253164557,0.862876254180602,0.66996699669967,0.863481228668942,0.278145695364238,0.866013071895425,0.873563218390805,0.288524590163934,0.381756756756757,0.288961038961039,0.862179487179487,0.881967213114754,0.870307167235495,0.267100977198697,0.853658536585366,0.602316602316602,0.45859872611465,0.86970684039088,0.879365079365079,0.766990291262136,0.856481481481482,0.352631578947368
id11395,0.863492063492064,0.85126582278481,0.878048780487805,0.885017421602787,0.899641577060932,0.922818791946309,0.916129032258065,0.871287128712871,0.888178913738019,0.920886075949367,0.904929577464789,0.866883116883117,0.891803278688525,0.868167202572347,0.852564102564103,1,0.909090909090909,0.771739130434783,0.818181818181818,0.294736842105263,0.862433862433862,0.411111111111111,0.904761904761905,0.518918918918919,0.846153846153846,0.764705882352941,0.876404494382023,0.460227272727273,0.835106382978723,0.480662983425414,0.817204301075269,0.75531914893617,0.902173913043478,0.347593582887701,0.818181818181818,0.734042553191489,0.887096774193548,0.862433862433862,0.845744680851064,0.884615384615385,0.925531914893617,0.849462365591398,0.882882882882883,0.869565217391304,0.885964912280702,0.883720930232558,0.755555555555556,0.766666666666667,0.908045977011494,0.877777777777778,0.5,1,0.9,0.9,0.214285714285714,0.928571428571429,0.964285714285714,0.388349514563107,0.85126582278481,0.516025641025641,0.333333333333333,0.909090909090909,0.341637010676157,0.950980392156863,0.424920127795527,0.470779220779221,0.45016077170418,0.903780068728522,0.404929577464789,0.673015873015873,0.903536977491961,0.873417721518987,0.864077669902913,0.923809523809524,0.846153846153846,0.307392996108949,0.865384615384615,0.890034364261168,0.883636363636364,0.549090909090909,0.384955752212389,0.418367346938776,0.392405063291139,0.909698996655518,0.749174917491749,0.935153583617747,0.306930693069307,0.908496732026144,0.877394636015326,0.336601307189543,0.356902356902357,0.275974025974026,0.919871794871795,0.849180327868852,0.897610921501707,0.286644951140065,0.909722222222222,0.653696498054475,0.515923566878981,0.905537459283388,0.920634920634921,0.853896103896104,0.851851851851852,0.433862433862434
id11396,0.829581993569132,0.836538461538462,0.868794326241135,0.879432624113475,0.916363636363636,0.928571428571429,0.882352941176471,0.883333333333333,0.87378640776699,0.887820512820513,0.902877697841727,0.891803278688525,0.894039735099338,0.837133550488599,0.873376623376623,0.909090909090909,1,0.743016759776536,0.870588235294118,0.265017667844523,0.929347826086957,0.377142857142857,0.875,0.466666666666667,0.857142857142857,0.807692307692308,0.867052023121387,0.412790697674419,0.885245901639344,0.448863636363636,0.839779005524862,0.830601092896175,0.911111111111111,0.296703296703297,0.851648351648352,0.786885245901639,0.883977900552486,0.880434782608696,0.868852459016393,0.824858757062147,0.91304347826087,0.861878453038674,0.862385321100917,0.867256637168142,0.8125,0.843373493975904,0.735632183908046,0.816091954022989,0.892857142857143,0.839080459770115,0.471264367816092,1,0.862068965517241,0.885057471264368,0.206896551724138,0.862068965517241,0.896551724137931,0.367213114754098,0.858974358974359,0.493506493506494,0.303135888501742,0.891447368421053,0.330935251798561,0.932038834951456,0.414239482200647,0.453947368421053,0.422077922077922,0.916955017301038,0.371428571428571,0.64951768488746,0.918831168831169,0.855769230769231,0.885245901639344,0.922829581993569,0.818181818181818,0.275590551181102,0.808441558441558,0.881533101045296,0.9182156133829,0.547794117647059,0.354260089686099,0.389655172413793,0.346153846153846,0.928813559322034,0.716666666666667,0.941379310344828,0.281879194630872,0.903973509933775,0.857142857142857,0.299003322259136,0.354948805460751,0.262295081967213,0.899350649350649,0.870431893687708,0.937931034482759,0.280528052805281,0.929328621908127,0.62992125984252,0.503225806451613,0.897689768976898,0.938906752411576,0.815789473684211,0.873831775700935,0.358695652173913
id11398,0.770053475935829,0.812834224598931,0.795031055900621,0.770700636942675,0.746666666666667,0.775147928994083,0.771739130434783,0.771428571428571,0.747311827956989,0.775401069518717,0.805194805194805,0.743016759776536,0.76271186440678,0.775956284153005,0.741935483870968,0.771739130434783,0.743016759776536,1,0.804597701149425,0.385057471264368,0.775401069518717,0.449438202247191,0.786096256684492,0.546448087431694,0.752808988764045,0.805405405405405,0.755681818181818,0.451428571428571,0.752688172043011,0.538888888888889,0.805405405405405,0.768817204301075,0.758241758241758,0.383783783783784,0.837837837837838,0.752688172043011,0.798913043478261,0.775401069518717,0.801075268817204,0.772222222222222,0.752688172043011,0.843243243243243,0.774774774774775,0.831858407079646,0.805309734513274,0.729411764705882,0.797752808988764,0.786516853932584,0.790697674418605,0.752808988764045,0.49438202247191,1,0.741573033707865,0.786516853932584,0.344827586206897,0.724137931034483,0.758620689655172,0.389189189189189,0.780748663101604,0.505376344086022,0.382352941176471,0.767955801104972,0.439306358381503,0.710526315789474,0.434782608695652,0.494505494505495,0.497267759562842,0.727272727272727,0.439759036144578,0.602150537634409,0.744565217391304,0.759358288770054,0.779005524861878,0.693548387096774,0.770053475935829,0.369426751592357,0.816216216216216,0.765060240963855,0.767123287671233,0.4875,0.459459459459459,0.452380952380952,0.443850267379679,0.745664739884393,0.709497206703911,0.729885057471264,0.371428571428571,0.766666666666667,0.776978417266187,0.402234636871508,0.443820224719101,0.366120218579235,0.770491803278688,0.756756756756757,0.728323699421965,0.379120879120879,0.757062146892655,0.574468085106383,0.505376344086022,0.764044943820225,0.774193548387097,0.751381215469613,0.715909090909091,0.454545454545455
id11445,0.811111111111111,0.822222222222222,0.775280898876405,0.80327868852459,0.847058823529412,0.888888888888889,0.813953488372093,0.807692307692308,0.852272727272727,0.855555555555556,0.836065573770492,0.857142857142857,0.811111111111111,0.848837209302326,0.898876404494382,0.818181818181818,0.870588235294118,0.804597701149425,1,0.241379310344828,0.888888888888889,0.317073170731707,0.833333333333333,0.471264367816092,0.841463414634146,0.863636363636364,0.85,0.378048780487805,0.866666666666667,0.471264367816092,0.853932584269663,0.9,0.895348837209302,0.277777777777778,0.911111111111111,0.820224719101124,0.876404494382023,0.877777777777778,0.888888888888889,0.833333333333333,0.866666666666667,0.943181818181818,0.906976744186046,0.877777777777778,0.777777777777778,0.802325581395349,0.8,0.788888888888889,0.873563218390805,0.844444444444444,0.433333333333333,1,0.844444444444444,0.844444444444444,0.206896551724138,0.931034482758621,0.896551724137931,0.348314606741573,0.8,0.533333333333333,0.32183908045977,0.887640449438202,0.375,1,0.340909090909091,0.454545454545455,0.390804597701149,0.842696629213483,0.337349397590361,0.606741573033708,0.875,0.822222222222222,0.863636363636364,0.777777777777778,0.766666666666667,0.25,0.75,0.857142857142857,0.850746268656716,0.476744186046512,0.210526315789474,0.366666666666667,0.3,0.873563218390805,0.686046511627907,0.875,0.280898876404494,0.840909090909091,0.86,0.280898876404494,0.337349397590361,0.28735632183908,0.848837209302326,0.876404494382023,0.858974358974359,0.261363636363636,0.894117647058824,0.493150684931507,0.438202247191011,0.864197530864197,0.887640449438202,0.797619047619048,0.842696629213483,0.366666666666667
id12223,0.34375,0.328719723183391,0.325842696629214,0.297297297297297,0.267716535433071,0.273062730627306,0.320422535211268,0.296028880866426,0.27972027972028,0.307958477508651,0.2890625,0.256227758007117,0.297491039426523,0.326315789473684,0.259649122807018,0.294736842105263,0.265017667844523,0.385057471264368,0.241379310344828,1,0.280898876404494,0.763313609467456,0.342696629213483,0.674285714285714,0.307692307692308,0.301136363636364,0.305389221556886,0.763636363636364,0.286516853932584,0.713450292397661,0.354285714285714,0.333333333333333,0.312138728323699,0.914772727272727,0.318181818181818,0.355932203389831,0.308571428571429,0.337078651685393,0.327683615819209,0.362573099415205,0.327683615819209,0.31638418079096,0.262135922330097,0.299065420560748,0.355140186915888,0.411764705882353,0.404494382022472,0.370786516853933,0.302325581395349,0.370786516853933,0.696629213483146,0,0.337078651685393,0.348314606741573,0.862068965517241,0.275862068965517,0.275862068965517,0.801418439716312,0.335640138408304,0.688811188811189,0.891385767790262,0.322695035460993,0.83011583011583,0.217391304347826,0.765734265734266,0.743772241992883,0.771929824561403,0.3125,0.826254826254826,0.545138888888889,0.264084507042254,0.332179930795848,0.302816901408451,0.29757785467128,0.367132867132867,0.914893617021277,0.354385964912281,0.272388059701493,0.272357723577236,0.535433070866142,0.848039215686274,0.805243445692884,0.809688581314879,0.287272727272727,0.425,0.265917602996255,0.88,0.3,0.270042194092827,0.881294964028777,0.771217712177122,0.872340425531915,0.308771929824561,0.266903914590747,0.274725274725275,0.896428571428571,0.272388059701493,0.538461538461538,0.707317073170732,0.285714285714286,0.253472222222222,0.323843416370107,0.296482412060302,0.853932584269663
id14189,0.796875,0.791666666666667,0.829268292682927,0.826086956521739,0.851612903225806,0.936781609195402,0.866310160427808,0.866666666666667,0.878947368421053,0.885416666666667,0.89171974522293,0.858695652173913,0.868131868131868,0.840425531914894,0.868421052631579,0.862433862433862,0.929347826086957,0.775401069518717,0.888888888888889,0.280898876404494,1,0.371584699453552,0.885416666666667,0.457446808510638,0.868852459016393,0.842105263157895,0.87292817679558,0.396648044692737,0.869109947643979,0.451086956521739,0.851851851851852,0.853403141361257,0.925133689839572,0.284210526315789,0.873684210526316,0.790575916230366,0.91005291005291,0.854166666666667,0.900523560209424,0.837837837837838,0.916230366492147,0.888888888888889,0.894736842105263,0.898305084745763,0.846153846153846,0.852272727272727,0.782608695652174,0.815217391304348,0.932584269662921,0.891304347826087,0.445652173913043,1,0.91304347826087,0.91304347826087,0.233333333333333,0.966666666666667,1,0.310526315789474,0.802083333333333,0.50261780104712,0.297142857142857,0.876344086021505,0.353932584269663,0.95,0.343915343915344,0.454545454545455,0.398936170212766,0.892857142857143,0.374269005847953,0.596858638743455,0.899470899470899,0.833333333333333,0.860215053763441,0.869109947643979,0.806282722513089,0.290123456790123,0.794736842105263,0.883040935672515,0.873333333333333,0.466666666666667,0.380530973451327,0.352601156069364,0.317708333333333,0.887640449438202,0.677595628415301,0.910614525139665,0.266666666666667,0.881081081081081,0.819444444444444,0.28804347826087,0.322404371584699,0.25531914893617,0.888297872340426,0.873684210526316,0.88135593220339,0.27807486631016,0.879120879120879,0.534722222222222,0.455497382198953,0.896174863387978,0.926701570680628,0.789189189189189,0.791208791208791,0.375
