Row,id10388,id10391,id10393,id10396,id10397,id10399,id10402,id10406,id10412,id10422,id10876,id10878,id10880,id10881,id10883,id11479,id11953,id14173,id14174,id14251,id14252,id14256,id14257,id14258,id14325,id14329,id14330,id14331,id14333,id14335,id14336,id14337,id14346,id14351,id16315,id16318,id16354,id16361,id16366,id16367,id16375,id16445,id16561,id16562,id16563,id16655,id16656,id16657,id16659,id16660,id16661,id16662,id16663,id16664,id7915,id7938,id7940,id7946,id7952
id10388,1,0.834061135371179,0.750224618149146,0.739555555555556,0.804195804195804,0.839681133746679,0.7117903930131,0.747252747252747,0.675044883303411,0.481578947368421,0.822397200349956,0.681211041852182,0.651223776223776,0.806537102473498,0.657960199004975,0.868327402135231,0.727112676056338,0.792011019283747,0.751743375174338,0.635488308115543,0.821067821067821,0.619505494505495,0.624657534246575,0.583798882681564,0.65521978021978,0.607843137254902,0.724233983286908,0.587671232876712,0.734992679355783,0.67966573816156,0.746575342465753,0.66027397260274,0.897506925207756,0.533980582524272,0.558441558441558,0.842239185750636,0.602564102564103,0.853092783505155,0.82994923857868,0.619897959183674,0.720812182741117,0.749360613810742,0.634517766497462,0.814720812182741,0.535532994923858,0.69250645994832,0.644329896907217,0.751269035532995,0.709923664122137,0.582633053221289,0.520408163265306,0.885786802030457,0.659033078880407,0.50761421319797,0.654688869412796,0.831531531531532,0.581069237510955,0.645979020979021,0.761421319796954
id10391,0.834061135371179,1,0.69811320754717,0.739555555555556,0.758741258741259,0.79185119574845,0.664628820960699,0.672161172161172,0.655296229802513,0.521052631578947,0.800524934383202,0.631344612644702,0.652972027972028,0.758833922261484,0.641791044776119,0.847864768683274,0.711267605633803,0.765840220385675,0.762900976290098,0.612104539202201,0.741702741702742,0.596153846153846,0.628767123287671,0.572625698324022,0.645604395604396,0.605042016806723,0.675487465181059,0.608219178082192,0.71303074670571,0.647632311977716,0.704109589041096,0.628767123287671,0.82409972299169,0.533980582524272,0.571428571428571,0.778625954198473,0.623076923076923,0.734536082474227,0.700507614213198,0.594387755102041,0.647208121827411,0.662404092071611,0.621827411167513,0.720812182741117,0.563451776649746,0.677002583979328,0.592783505154639,0.637055837563452,0.661577608142494,0.568627450980392,0.556122448979592,0.751269035532995,0.638676844783715,0.535532994923858,0.638036809815951,0.794594594594595,0.572304995617879,0.619755244755245,0.692893401015228
id10393,0.750224618149146,0.69811320754717,1,0.733760292772187,0.794064748201439,0.747493163172288,0.816711590296496,0.839622641509434,0.787430683918669,0.598915989159892,0.79136690647482,0.776351970669111,0.75,0.783636363636364,0.737974683544304,0.752747252747253,0.760869565217391,0.771879483500717,0.683139534883721,0.803724928366762,0.701807228915663,0.745350500715308,0.756062767475036,0.726346433770015,0.771101573676681,0.772262773722628,0.779710144927536,0.764621968616263,0.744648318042814,0.770682148040639,0.834522111269615,0.763195435092725,0.731601731601732,0.686416184971098,0.665775401069519,0.714659685863874,0.70976253298153,0.811671087533157,0.87467362924282,0.759162303664921,0.738903394255875,0.813157894736842,0.725848563968668,0.838120104438642,0.660574412532637,0.715425531914894,0.73209549071618,0.77023498694517,0.81413612565445,0.690751445086705,0.63254593175853,0.861618798955614,0.782722513089005,0.64490861618799,0.738503155996393,0.754402224281742,0.724075743913436,0.829136690647482,0.767624020887728
id10396,0.739555555555556,0.739555555555556,0.733760292772187,1,0.770462633451957,0.718665464382326,0.734222222222222,0.717350746268657,0.719378427787934,0.590027700831025,0.745325022261799,0.699002719854941,0.71797153024911,0.732913669064748,0.66624203821656,0.735507246376812,0.71236559139785,0.759206798866855,0.733142037302726,0.71994342291372,0.640416047548291,0.72316384180791,0.723943661971831,0.685344827586207,0.713276836158192,0.721902017291066,0.723495702005731,0.732394366197183,0.708898944193062,0.738197424892704,0.730985915492958,0.738028169014085,0.705128205128205,0.670470756062768,0.64207650273224,0.665775401069519,0.660377358490566,0.75609756097561,0.717333333333333,0.651474530831099,0.685333333333333,0.693548387096774,0.669333333333333,0.746666666666667,0.642666666666667,0.706521739130435,0.666666666666667,0.677333333333333,0.700534759358289,0.636094674556213,0.638069705093834,0.736,0.681818181818182,0.618666666666667,0.690454950936664,0.735779816513761,0.669045495093666,0.693950177935943,0.728
id10397,0.804195804195804,0.758741258741259,0.794064748201439,0.770462633451957,1,0.804964539007092,0.797202797202797,0.781851512373969,0.747529200359389,0.536842105263158,0.818739054290718,0.728163992869875,0.715660542432196,0.791335101679929,0.703980099502488,0.811219946571683,0.755066079295154,0.791724137931034,0.69413407821229,0.736914600550964,0.736994219653179,0.689133425034388,0.722908093278464,0.657342657342657,0.722145804676754,0.708274894810659,0.748953974895398,0.699588477366255,0.769794721407625,0.732217573221757,0.784636488340192,0.747599451303155,0.786407766990291,0.625,0.623376623376623,0.727735368956743,0.674358974358974,0.86340206185567,0.807106598984772,0.686224489795918,0.723350253807107,0.772378516624041,0.723350253807107,0.812182741116751,0.624365482233503,0.695090439276486,0.698453608247423,0.743654822335025,0.748091603053435,0.649859943977591,0.60969387755102,0.82741116751269,0.727735368956743,0.591370558375635,0.693859649122807,0.796212804328224,0.654385964912281,0.73840769903762,0.748730964467005
id10399,0.839681133746679,0.79185119574845,0.747493163172288,0.718665464382326,0.804964539007092,1,0.714791851195748,0.737918215613383,0.682149362477231,0.434210526315789,0.798580301685892,0.672990063233966,0.670212765957447,0.802148612354521,0.633626097867001,0.851083032490975,0.74375,0.758716875871688,0.734463276836158,0.651810584958217,0.796783625730994,0.620305980528512,0.617198335644938,0.588401697312588,0.656467315716273,0.614184397163121,0.737658674188999,0.596393897364771,0.749258160237389,0.662905500705219,0.761442441054092,0.657420249653259,0.858345021037868,0.543539325842697,0.498701298701299,0.854961832061069,0.538461538461538,0.806701030927835,0.796954314720812,0.596938775510204,0.677664974619289,0.710997442455243,0.571065989847716,0.746192893401015,0.482233502538071,0.697674418604651,0.59020618556701,0.697969543147208,0.681933842239186,0.518207282913165,0.461734693877551,0.847715736040609,0.60559796437659,0.454314720812183,0.649777777777778,0.816270566727605,0.595555555555556,0.665780141843972,0.733502538071066
id10402,0.7117903930131,0.664628820960699,0.816711590296496,0.734222222222222,0.797202797202797,0.714791851195748,1,0.82967032967033,0.81508078994614,0.655263157894737,0.773403324584427,0.803205699020481,0.824300699300699,0.768551236749117,0.798507462686567,0.704626334519573,0.75,0.778236914600551,0.642956764295676,0.821182943603851,0.647907647907648,0.79945054945055,0.805479452054795,0.736033519553073,0.807692307692308,0.80812324929972,0.754874651810585,0.823287671232877,0.746705710102489,0.782729805013928,0.801369863013699,0.810958904109589,0.649584487534626,0.730929264909847,0.771428571428571,0.592875318066158,0.776923076923077,0.747422680412371,0.758883248730964,0.790816326530612,0.725888324873096,0.831202046035806,0.771573604060914,0.819796954314721,0.758883248730964,0.689922480620155,0.835051546391753,0.781725888324873,0.778625954198473,0.792717086834734,0.744897959183674,0.748730964467005,0.806615776081425,0.756345177664975,0.727432077125329,0.718018018018018,0.787028921998247,0.836538461538462,0.700507614213198
id10406,0.747252747252747,0.672161172161172,0.839622641509434,0.717350746268657,0.781851512373969,0.737918215613383,0.82967032967033,1,0.795475966069746,0.603399433427762,0.779816513761468,0.791588785046729,0.77910174152154,0.787234042553192,0.77023498694517,0.741363211951447,0.797783933518006,0.75,0.668148148148148,0.77956204379562,0.691964285714286,0.737609329446064,0.747093023255814,0.712166172106825,0.795918367346939,0.7518573551263,0.772189349112426,0.773255813953488,0.780966767371601,0.775147928994083,0.828488372093023,0.780523255813954,0.701470588235294,0.696612665684831,0.662011173184358,0.677595628415301,0.707988980716253,0.800554016620499,0.866485013623978,0.728767123287671,0.716621253405995,0.791208791208791,0.724795640326976,0.82016348773842,0.662125340599455,0.714681440443213,0.739612188365651,0.79291553133515,0.773224043715847,0.723646723646724,0.635616438356164,0.836512261580382,0.775956284153005,0.656675749318801,0.722426470588235,0.753074739829707,0.739889705882353,0.794683776351971,0.746594005449591
id10412,0.675044883303411,0.655296229802513,0.787430683918669,0.719378427787934,0.747529200359389,0.682149362477231,0.81508078994614,0.795475966069746,1,0.697297297297297,0.739208633093525,0.784798534798535,0.79874213836478,0.733878292461399,0.802056555269923,0.672461116193962,0.751131221719457,0.746835443037975,0.656695156695157,0.780898876404494,0.606194690265487,0.769985974754558,0.808391608391608,0.756062767475036,0.792426367461431,0.802575107296137,0.745376955903272,0.797202797202797,0.735029940119761,0.782978723404255,0.765034965034965,0.823776223776224,0.632248939179632,0.737960339943343,0.770666666666667,0.569190600522193,0.786842105263158,0.722222222222222,0.713541666666667,0.764397905759162,0.708333333333333,0.774278215223097,0.778645833333333,0.778645833333333,0.765625,0.684350132625995,0.772486772486772,0.731770833333333,0.788511749347259,0.786743515850144,0.759162303664921,0.703125,0.814621409921671,0.778645833333333,0.741441441441441,0.685820203892493,0.806306306306306,0.814914645103324,0.703125
id10422,0.481578947368421,0.521052631578947,0.598915989159892,0.590027700831025,0.536842105263158,0.434210526315789,0.655263157894737,0.603399433427762,0.697297297297297,1,0.592105263157895,0.678100263852243,0.744063324538259,0.551451187335092,0.718421052631579,0.405479452054795,0.567282321899736,0.647368421052632,0.489304812834225,0.668435013262599,0.434782608695652,0.702631578947368,0.728947368421053,0.671087533156499,0.713157894736842,0.715425531914894,0.62533692722372,0.763157894736842,0.601796407185629,0.645945945945946,0.592105263157895,0.694736842105263,0.439473684210526,0.775132275132275,0.792452830188679,0.369393139841689,0.712765957446808,0.491978609625668,0.526315789473684,0.708994708994709,0.628947368421053,0.594164456233422,0.723684210526316,0.605263157894737,0.763157894736842,0.571045576407507,0.671122994652406,0.628947368421053,0.672823218997362,0.714285714285714,0.806878306878307,0.505263157894737,0.720316622691293,0.792105263157895,0.630606860158311,0.488126649076517,0.807894736842105,0.663157894736842,0.586842105263158
id10876,0.822397200349956,0.800524934383202,0.79136690647482,0.745325022261799,0.818739054290718,0.798580301685892,0.773403324584427,0.779816513761468,0.739208633093525,0.592105263157895,1,0.743086529884032,0.740805604203152,0.857522123893805,0.737562189054726,0.81729055258467,0.786596119929453,0.839779005524862,0.697902097902098,0.710344827586207,0.755426917510854,0.706611570247934,0.740384615384615,0.680672268907563,0.81129476584022,0.716292134831461,0.762569832402235,0.726648351648352,0.803230543318649,0.761173184357542,0.791208791208791,0.763736263736264,0.7875,0.642559109874826,0.685714285714286,0.692111959287532,0.728205128205128,0.809278350515464,0.82741116751269,0.729591836734694,0.758883248730964,0.797953964194373,0.723350253807107,0.82741116751269,0.685279187817259,0.72609819121447,0.75,0.758883248730964,0.7735368956743,0.747899159663866,0.650510204081633,0.822335025380711,0.768447837150127,0.66243654822335,0.695346795434592,0.818592057761733,0.65496049165935,0.715411558669002,0.758883248730964
id10878,0.681211041852182,0.631344612644702,0.776351970669111,0.699002719854941,0.728163992869875,0.672990063233966,0.803205699020481,0.791588785046729,0.784798534798535,0.678100263852243,0.743086529884032,1,0.789661319073084,0.722522522522522,0.762690355329949,0.664246823956443,0.740574506283663,0.723226703755216,0.632394366197183,0.777777777777778,0.594752186588921,0.757281553398058,0.786998616874136,0.734837799717913,0.780859916782247,0.782178217821782,0.731364275668073,0.798063623789765,0.732248520710059,0.749648382559775,0.737206085753804,0.769017980636238,0.598601398601399,0.726890756302521,0.7734375,0.576530612244898,0.766066838046273,0.708010335917313,0.717557251908397,0.79539641943734,0.707379134860051,0.797435897435897,0.78117048346056,0.763358778625954,0.776081424936387,0.670984455958549,0.795865633074935,0.753180661577608,0.767857142857143,0.769662921348315,0.767263427109974,0.717557251908397,0.795918367346939,0.763358778625954,0.727435210008937,0.682904411764706,0.772117962466488,0.796791443850267,0.679389312977099
id10880,0.651223776223776,0.652972027972028,0.75,0.71797153024911,0.715660542432196,0.670212765957447,0.824300699300699,0.77910174152154,0.79874213836478,0.744063324538259,0.740805604203152,0.789661319073084,1,0.759504862953139,0.779576587795766,0.632235084594835,0.763876651982379,0.708965517241379,0.635474860335196,0.772727272727273,0.559248554913295,0.781292984869326,0.812071330589849,0.742657342657343,0.822558459422283,0.806451612903226,0.716875871687587,0.866941015089163,0.711143695014663,0.768479776847978,0.722908093278464,0.803840877914952,0.561719833564494,0.759722222222222,0.7734375,0.48469387755102,0.794344473007712,0.625322997416021,0.646310432569975,0.764705882352941,0.704834605597964,0.730769230769231,0.778625954198473,0.717557251908397,0.83969465648855,0.678756476683938,0.785529715762274,0.679389312977099,0.711734693877551,0.803370786516854,0.836734693877551,0.620865139949109,0.788265306122449,0.829516539440204,0.707017543859649,0.672678088367899,0.820175438596491,0.793525809273841,0.643765903307888
id10881,0.806537102473498,0.758833922261484,0.783636363636364,0.732913669064748,0.791335101679929,0.802148612354521,0.768551236749117,0.787234042553192,0.733878292461399,0.551451187335092,0.857522123893805,0.722522522522522,0.759504862953139,1,0.710888610763454,0.804680468046805,0.772039180765806,0.817294281729428,0.677966101694915,0.697771587743733,0.761695906432749,0.697642163661581,0.697642163661581,0.671852899575672,0.749652294853964,0.692198581560284,0.781382228490832,0.686546463245492,0.792284866468843,0.750352609308886,0.807212205270458,0.739251040221914,0.810659186535764,0.603932584269663,0.609375,0.739795918367347,0.683804627249357,0.82687338501292,0.844783715012723,0.685421994884911,0.758269720101781,0.756410256410256,0.684478371501272,0.809160305343511,0.620865139949109,0.728682170542636,0.69250645994832,0.748091603053435,0.76530612244898,0.682584269662921,0.624040920716113,0.849872773536896,0.721938775510204,0.60559796437659,0.681737588652482,0.805277525022748,0.654255319148936,0.706454465075155,0.793893129770992
id10883,0.657960199004975,0.641791044776119,0.737974683544304,0.66624203821656,0.703980099502488,0.633626097867001,0.798507462686567,0.77023498694517,0.802056555269923,0.718421052631579,0.737562189054726,0.762690355329949,0.779576587795766,0.710888610763454,1,0.641123882503193,0.702127659574468,0.751269035532995,0.574742268041237,0.751918158567775,0.576601671309192,0.769035532994924,0.781725888324873,0.728900255754476,0.817258883248731,0.758974358974359,0.690909090909091,0.819796954314721,0.729885057471264,0.7578125,0.703045685279188,0.769035532994924,0.540609137055838,0.775510204081633,0.781818181818182,0.480916030534351,0.774358974358974,0.631443298969072,0.647208121827411,0.75,0.66497461928934,0.716112531969309,0.741116751269036,0.703045685279188,0.779187817258883,0.630490956072351,0.788659793814433,0.6751269035533,0.743002544529262,0.778711484593838,0.767857142857143,0.637055837563452,0.763358778625954,0.796954314720812,0.679551122194514,0.673443456162643,0.788557213930348,0.788557213930348,0.634517766497462
id11479,0.868327402135231,0.847864768683274,0.752747252747253,0.735507246376812,0.811219946571683,0.851083032490975,0.704626334519573,0.741363211951447,0.672461116193962,0.405479452054795,0.81729055258467,0.664246823956443,0.632235084594835,0.804680468046805,0.641123882503193,1,0.733632286995516,0.787623066104079,0.750712250712251,0.622191011235955,0.806784660766962,0.612903225806452,0.611188811188811,0.584878744650499,0.645161290322581,0.595135908440629,0.715504978662873,0.576223776223776,0.744011976047904,0.668563300142248,0.756643356643357,0.646153846153846,0.902404526166902,0.51699716713881,0.489417989417989,0.87598944591029,0.549333333333333,0.804289544235925,0.802110817941952,0.586206896551724,0.66490765171504,0.691489361702128,0.580474934036939,0.757255936675462,0.45646437994723,0.688172043010753,0.579088471849866,0.691292875989446,0.658730158730159,0.514619883040936,0.458885941644562,0.844327176781003,0.597883597883598,0.440633245382586,0.650892857142857,0.817263544536272,0.566071428571429,0.639358860195904,0.733509234828496
id11953,0.727112676056338,0.711267605633803,0.760869565217391,0.71236559139785,0.755066079295154,0.74375,0.75,0.797783933518006,0.751131221719457,0.567282321899736,0.786596119929453,0.740574506283663,0.763876651982379,0.772039180765806,0.702127659574468,0.733632286995516,1,0.753120665742025,0.691011235955056,0.714681440443213,0.684593023255814,0.698478561549101,0.710344827586207,0.693820224719101,0.757952973720609,0.726375176304654,0.732117812061711,0.743448275862069,0.765486725663717,0.727910238429172,0.766896551724138,0.743448275862069,0.711297071129707,0.667597765363129,0.6171875,0.670918367346939,0.691516709511568,0.767441860465116,0.765903307888041,0.670076726342711,0.717557251908397,0.741025641025641,0.707379134860051,0.78117048346056,0.648854961832061,0.691709844559586,0.697674418604651,0.712468193384224,0.727040816326531,0.671348314606742,0.649616368286445,0.776081424936387,0.704081632653061,0.631043256997455,0.70583038869258,0.752268602540835,0.725265017667845,0.74625550660793,0.732824427480916
id14173,0.792011019283747,0.765840220385675,0.771879483500717,0.759206798866855,0.791724137931034,0.758716875871688,0.778236914600551,0.75,0.746835443037975,0.647368421052632,0.839779005524862,0.723226703755216,0.708965517241379,0.817294281729428,0.751269035532995,0.787623066104079,0.753120665742025,1,0.701262272089762,0.715076071922545,0.754716981132076,0.729281767955801,0.745179063360882,0.712078651685393,0.783149171270718,0.728291316526611,0.771708683473389,0.731404958677686,0.799705449189985,0.746498599439776,0.78236914600551,0.772727272727273,0.777468706536857,0.641562064156206,0.709090909090909,0.648854961832061,0.725641025641026,0.757731958762887,0.763959390862944,0.732142857142857,0.751269035532995,0.772378516624041,0.766497461928934,0.819796954314721,0.718274111675127,0.728682170542636,0.747422680412371,0.741116751269036,0.804071246819338,0.736694677871149,0.714285714285714,0.779187817258883,0.768447837150127,0.700507614213198,0.705394190871369,0.776520509193777,0.67590027700831,0.715862068965517,0.771573604060914
id14174,0.751743375174338,0.762900976290098,0.683139534883721,0.733142037302726,0.69413407821229,0.734463276836158,0.642956764295676,0.668148148148148,0.656695156695157,0.489304812834225,0.697902097902098,0.632394366197183,0.635474860335196,0.677966101694915,0.574742268041237,0.750712250712251,0.691011235955056,0.701262272089762,1,0.640167364016736,0.674008810572687,0.634965034965035,0.658298465829847,0.627644569816643,0.649441340782123,0.637660485021398,0.656737588652482,0.651324965132496,0.649253731343284,0.625531914893617,0.691771269177127,0.656903765690377,0.765867418899859,0.580508474576271,0.572559366754617,0.713178294573643,0.609375,0.696335078534031,0.664948453608247,0.613989637305699,0.623711340206186,0.657142857142857,0.61340206185567,0.667525773195876,0.574742268041237,0.6640625,0.630890052356021,0.631443298969072,0.603092783505155,0.618233618233618,0.585492227979275,0.719072164948454,0.625322997416021,0.572164948453608,0.655944055944056,0.73352435530086,0.591865357643759,0.639664804469274,0.634020618556701
id14251,0.635488308115543,0.612104539202201,0.803724928366762,0.71994342291372,0.736914600550964,0.651810584958217,0.821182943603851,0.77956204379562,0.780898876404494,0.668435013262599,0.710344827586207,0.777777777777778,0.772727272727273,0.697771587743733,0.751918158567775,0.622191011235955,0.714681440443213,0.715076071922545,0.640167364016736,1,0.608695652173913,0.782068965517241,0.774415405777166,0.712482468443198,0.751724137931034,0.79606188466948,0.746853146853147,0.78404401650619,0.702941176470588,0.753846153846154,0.801925722145805,0.751031636863824,0.624478442280946,0.713091922005571,0.753926701570681,0.58974358974359,0.736434108527132,0.711688311688312,0.741687979539642,0.760925449871465,0.723785166240409,0.824742268041237,0.736572890025575,0.785166240409207,0.728900255754476,0.679586563307494,0.750649350649351,0.749360613810742,0.785166240409207,0.73728813559322,0.719794344473008,0.736572890025575,0.764102564102564,0.726342710997442,0.720994475138122,0.682203389830508,0.767634854771784,0.820936639118457,0.69309462915601
id14252,0.821067821067821,0.741702741702742,0.701807228915663,0.640416047548291,0.736994219653179,0.796783625730994,0.647907647907648,0.691964285714286,0.606194690265487,0.434782608695652,0.755426917510854,0.594752186588921,0.559248554913295,0.761695906432749,0.576601671309192,0.806784660766962,0.684593023255814,0.754716981132076,0.674008810572687,0.608695652173913,1,0.604920405209841,0.608946608946609,0.606774668630339,0.638205499276411,0.579025110782866,0.698972099853157,0.565656565656566,0.713643178410795,0.643171806167401,0.72005772005772,0.621933621933622,0.826277372262774,0.511695906432749,0.488571428571429,0.779329608938548,0.554929577464789,0.790368271954674,0.805013927576602,0.602240896358543,0.682451253481894,0.705056179775281,0.604456824512535,0.743732590529248,0.504178272980501,0.653409090909091,0.626062322946176,0.701949860724234,0.684357541899441,0.553935860058309,0.492997198879552,0.816155988857939,0.625698324022346,0.476323119777159,0.635311143270622,0.780415430267062,0.493468795355588,0.589595375722543,0.774373259052925
id14256,0.619505494505495,0.596153846153846,0.745350500715308,0.72316384180791,0.689133425034388,0.620305980528512,0.79945054945055,0.737609329446064,0.769985974754558,0.702631578947368,0.706611570247934,0.757281553398058,0.781292984869326,0.697642163661581,0.769035532994924,0.612903225806452,0.698478561549101,0.729281767955801,0.634965034965035,0.782068965517241,0.604920405209841,1,0.777472527472527,0.726890756302521,0.798898071625344,0.775280898876405,0.713687150837989,0.798076923076923,0.697503671071953,0.745810055865922,0.740384615384615,0.769230769230769,0.606944444444444,0.723226703755216,0.761038961038961,0.513994910941476,0.738461538461539,0.626288659793814,0.649746192893401,0.780612244897959,0.631979695431472,0.713554987212276,0.748730964467005,0.705583756345178,0.776649746192893,0.640826873385013,0.760309278350515,0.66243654822335,0.735368956743003,0.761904761904762,0.783163265306122,0.654822335025381,0.760814249363868,0.784263959390863,0.703448275862069,0.655853314527504,0.803867403314917,0.785419532324622,0.647208121827411
id14257,0.624657534246575,0.628767123287671,0.756062767475036,0.723943661971831,0.722908093278464,0.617198335644938,0.805479452054795,0.747093023255814,0.808391608391608,0.728947368421053,0.740384615384615,0.786998616874136,0.812071330589849,0.697642163661581,0.781725888324873,0.611188811188811,0.710344827586207,0.745179063360882,0.658298465829847,0.774415405777166,0.608946608946609,0.777472527472527,1,0.730446927374302,0.802197802197802,0.80952380952381,0.720055710306407,0.828767123287671,0.723279648609078,0.747910863509749,0.735616438356164,0.816438356164384,0.609418282548476,0.746185852981969,0.81038961038961,0.480916030534351,0.843589743589744,0.621134020618557,0.631979695431472,0.76530612244898,0.66497461928934,0.731457800511509,0.761421319796954,0.713197969543147,0.809644670050761,0.651162790697674,0.760309278350515,0.695431472081218,0.707379134860051,0.781512605042017,0.811224489795918,0.616751269035533,0.783715012722646,0.812182741116751,0.722145804676754,0.665260196905767,0.81267217630854,0.805212620027435,0.629441624365482
id14258,0.583798882681564,0.572625698324022,0.726346433770015,0.685344827586207,0.657342657342657,0.588401697312588,0.736033519553073,0.712166172106825,0.756062767475036,0.671087533156499,0.680672268907563,0.734837799717913,0.742657342657343,0.671852899575672,0.728900255754476,0.584878744650499,0.693820224719101,0.712078651685393,0.627644569816643,0.712482468443198,0.606774668630339,0.726890756302521,0.730446927374302,1,0.751048951048951,0.745714285714286,0.698727015558699,0.775139664804469,0.66965620328849,0.701704545454545,0.664804469273743,0.747206703910615,0.583333333333333,0.787835926449788,0.735602094240838,0.515384615384615,0.710594315245478,0.61038961038961,0.624040920716113,0.737789203084833,0.652173913043478,0.680412371134021,0.746803069053708,0.667519181585678,0.754475703324808,0.640625,0.724675324675325,0.659846547314578,0.692307692307692,0.740112994350282,0.763496143958869,0.603580562659847,0.738461538461539,0.772378516624041,0.751753155680224,0.602582496413199,0.747191011235955,0.779020979020979,0.657289002557545
id14325,0.65521978021978,0.645604395604396,0.771101573676681,0.713276836158192,0.722145804676754,0.656467315716273,0.807692307692308,0.795918367346939,0.792426367461431,0.713157894736842,0.81129476584022,0.780859916782247,0.822558459422283,0.749652294853964,0.817258883248731,0.645161290322581,0.757952973720609,0.783149171270718,0.649441340782123,0.751724137931034,0.638205499276411,0.798898071625344,0.802197802197802,0.751048951048951,1,0.762640449438202,0.752793296089386,0.84478021978022,0.779735682819383,0.777932960893855,0.756868131868132,0.832417582417582,0.633333333333333,0.730555555555556,0.763636363636364,0.531806615776081,0.779487179487179,0.652061855670103,0.692893401015228,0.793367346938776,0.715736040609137,0.744245524296675,0.786802030456853,0.733502538071066,0.845177664974619,0.679586563307494,0.79639175257732,0.710659898477157,0.763358778625954,0.834733893557423,0.775510204081633,0.682741116751269,0.814249363867684,0.802030456852792,0.742068965517241,0.679830747531735,0.784530386740331,0.793672627235213,0.6751269035533
id14329,0.607843137254902,0.605042016806723,0.772262773722628,0.721902017291066,0.708274894810659,0.614184397163121,0.80812324929972,0.7518573551263,0.802575107296137,0.715425531914894,0.716292134831461,0.782178217821782,0.806451612903226,0.692198581560284,0.758974358974359,0.595135908440629,0.726375176304654,0.728291316526611,0.637660485021398,0.79606188466948,0.579025110782866,0.775280898876405,0.80952380952381,0.745714285714286,0.762640449438202,1,0.706798866855524,0.830532212885154,0.679160419790105,0.740740740740741,0.743697478991597,0.799719887955182,0.588732394366197,0.756028368794326,0.811023622047244,0.542416452442159,0.772020725388601,0.690104166666667,0.684615384615385,0.742268041237113,0.664102564102564,0.728682170542636,0.828205128205128,0.756410256410256,0.758974358974359,0.676240208877285,0.765625,0.697435897435897,0.796915167095116,0.762039660056657,0.778350515463918,0.67948717948718,0.812339331619537,0.78974358974359,0.739803094233474,0.650359712230216,0.83943661971831,0.849929873772791,0.692307692307692
id14330,0.724233983286908,0.675487465181059,0.779710144927536,0.723495702005731,0.748953974895398,0.737658674188999,0.754874651810585,0.772189349112426,0.745376955903272,0.62533692722372,0.762569832402235,0.731364275668073,0.716875871687587,0.781382228490832,0.690909090909091,0.715504978662873,0.732117812061711,0.771708683473389,0.656737588652482,0.746853146853147,0.698972099853157,0.713687150837989,0.720055710306407,0.698727015558699,0.752793296089386,0.706798866855524,1,0.710306406685237,0.751117734724292,0.732294617563739,0.778551532033426,0.768802228412256,0.738028169014085,0.675599435825106,0.648936170212766,0.661458333333333,0.658792650918635,0.746701846965699,0.774025974025974,0.720626631853786,0.722077922077922,0.767015706806283,0.688311688311688,0.774025974025974,0.675324675324675,0.682539682539683,0.725593667546174,0.74025974025974,0.763020833333333,0.692528735632184,0.6328125,0.781818181818182,0.75,0.651948051948052,0.746853146853147,0.733905579399142,0.689075630252101,0.735006973500697,0.737662337662338
id14331,0.587671232876712,0.608219178082192,0.764621968616263,0.732394366197183,0.699588477366255,0.596393897364771,0.823287671232877,0.773255813953488,0.797202797202797,0.763157894736842,0.726648351648352,0.798063623789765,0.866941015089163,0.686546463245492,0.819796954314721,0.576223776223776,0.743448275862069,0.731404958677686,0.651324965132496,0.78404401650619,0.565656565656566,0.798076923076923,0.828767123287671,0.775139664804469,0.84478021978022,0.830532212885154,0.710306406685237,1,0.710102489019034,0.764623955431755,0.731506849315068,0.80958904109589,0.562326869806094,0.780859916782247,0.851948051948052,0.442748091603053,0.82051282051282,0.605670103092783,0.614213197969543,0.823979591836735,0.66243654822335,0.713554987212276,0.784263959390863,0.695431472081218,0.868020304568528,0.640826873385013,0.855670103092783,0.66243654822335,0.735368956743003,0.823529411764706,0.839285714285714,0.598984771573604,0.786259541984733,0.880710659898477,0.733149931224209,0.634317862165963,0.852617079889807,0.839506172839506,0.637055837563452
id14333,0.734992679355783,0.71303074670571,0.744648318042814,0.708898944193062,0.769794721407625,0.749258160237389,0.746705710102489,0.780966767371601,0.735029940119761,0.601796407185629,0.803230543318649,0.732248520710059,0.711143695014663,0.792284866468843,0.729885057471264,0.744011976047904,0.765486725663717,0.799705449189985,0.649253731343284,0.702941176470588,0.713643178410795,0.697503671071953,0.723279648609078,0.66965620328849,0.779735682819383,0.679160419790105,0.751117734724292,0.710102489019034,1,0.761549925484352,0.775988286969253,0.742313323572474,0.740740740740741,0.649851632047478,0.634218289085546,0.659942363112392,0.683139534883721,0.754385964912281,0.793103448275862,0.708092485549133,0.741379310344828,0.765217391304348,0.706896551724138,0.801724137931034,0.669540229885057,0.67741935483871,0.707602339181287,0.718390804597701,0.757925072046109,0.704022988505747,0.638728323699422,0.781609195402299,0.723342939481268,0.64367816091954,0.680882352941176,0.754518072289157,0.670103092783505,0.719941348973607,0.735632183908046
id14335,0.67966573816156,0.647632311977716,0.770682148040639,0.738197424892704,0.732217573221757,0.662905500705219,0.782729805013928,0.775147928994083,0.782978723404255,0.645945945945946,0.761173184357542,0.749648382559775,0.768479776847978,0.750352609308886,0.7578125,0.668563300142248,0.727910238429172,0.746498599439776,0.625531914893617,0.753846153846154,0.643171806167401,0.745810055865922,0.747910863509749,0.701704545454545,0.777932960893855,0.740740740740741,0.732294617563739,0.764623955431755,0.761549925484352,1,0.749303621169916,0.784122562674095,0.654929577464789,0.708039492242595,0.725333333333333,0.613577023498694,0.710526315789474,0.724867724867725,0.747395833333333,0.730366492146597,0.7734375,0.776902887139108,0.744791666666667,0.752604166666667,0.729166666666667,0.679045092838196,0.753968253968254,0.708333333333333,0.744125326370757,0.711815561959654,0.693717277486911,0.736979166666667,0.762402088772846,0.690104166666667,0.716083916083916,0.678111587982833,0.738095238095238,0.743375174337517,0.760416666666667
id14336,0.746575342465753,0.704109589041096,0.834522111269615,0.730985915492958,0.784636488340192,0.761442441054092,0.801369863013699,0.828488372093023,0.765034965034965,0.592105263157895,0.791208791208791,0.737206085753804,0.722908093278464,0.807212205270458,0.703045685279188,0.756643356643357,0.766896551724138,0.78236914600551,0.691771269177127,0.801925722145805,0.72005772005772,0.740384615384615,0.735616438356164,0.664804469273743,0.756868131868132,0.743697478991597,0.778551532033426,0.731506849315068,0.775988286969253,0.749303621169916,1,0.768493150684932,0.746537396121884,0.650485436893204,0.688311688311688,0.707379134860051,0.702564102564103,0.814432989690722,0.847715736040609,0.727040816326531,0.748730964467005,0.808184143222506,0.708121827411167,0.812182741116751,0.649746192893401,0.713178294573643,0.72680412371134,0.758883248730964,0.809160305343511,0.703081232492997,0.630102040816326,0.842639593908629,0.758269720101781,0.642131979695431,0.702888583218707,0.766526019690577,0.698347107438017,0.770919067215364,0.748730964467005
id14337,0.66027397260274,0.628767123287671,0.763195435092725,0.738028169014085,0.747599451303155,0.657420249653259,0.810958904109589,0.780523255813954,0.823776223776224,0.694736842105263,0.763736263736264,0.769017980636238,0.803840877914952,0.739251040221914,0.769035532994924,0.646153846153846,0.743448275862069,0.772727272727273,0.656903765690377,0.751031636863824,0.621933621933622,0.769230769230769,0.816438356164384,0.747206703910615,0.832417582417582,0.799719887955182,0.768802228412256,0.80958904109589,0.742313323572474,0.784122562674095,0.768493150684932,1,0.6398891966759,0.750346740638003,0.771428571428571,0.544529262086514,0.774358974358974,0.68298969072165,0.685279187817259,0.760204081632653,0.708121827411167,0.751918158567775,0.789340101522843,0.766497461928934,0.796954314720812,0.68733850129199,0.770618556701031,0.713197969543147,0.770992366412214,0.815126050420168,0.75765306122449,0.685279187817259,0.877862595419847,0.784263959390863,0.737276478679505,0.669479606188467,0.796143250688705,0.794238683127572,0.682741116751269
id14346,0.897506925207756,0.82409972299169,0.731601731601732,0.705128205128205,0.786407766990291,0.858345021037868,0.649584487534626,0.701470588235294,0.632248939179632,0.439473684210526,0.7875,0.598601398601399,0.561719833564494,0.810659186535764,0.540609137055838,0.902404526166902,0.711297071129707,0.777468706536857,0.765867418899859,0.624478442280946,0.826277372262774,0.606944444444444,0.609418282548476,0.583333333333333,0.633333333333333,0.588732394366197,0.738028169014085,0.562326869806094,0.740740740740741,0.654929577464789,0.746537396121884,0.6398891966759,1,0.514726507713885,0.488311688311688,0.865139949109415,0.551282051282051,0.829896907216495,0.822335025380711,0.596938775510204,0.708121827411167,0.703324808184143,0.581218274111675,0.756345177664975,0.487309644670051,0.69250645994832,0.600515463917526,0.718274111675127,0.656488549618321,0.521008403361345,0.466836734693878,0.868020304568528,0.600508905852417,0.449238578680203,0.643949930458971,0.84352773826458,0.504178272980501,0.588072122052705,0.763959390862944
id14351,0.533980582524272,0.533980582524272,0.686416184971098,0.670470756062768,0.625,0.543539325842697,0.730929264909847,0.696612665684831,0.737960339943343,0.775132275132275,0.642559109874826,0.726890756302521,0.759722222222222,0.603932584269663,0.775510204081633,0.51699716713881,0.667597765363129,0.641562064156206,0.580508474576271,0.713091922005571,0.511695906432749,0.723226703755216,0.746185852981969,0.787835926449788,0.730555555555556,0.756028368794326,0.675599435825106,0.780859916782247,0.649851632047478,0.708039492242595,0.650485436893204,0.750346740638003,0.514726507713885,1,0.780678851174935,0.432225063938619,0.747422680412371,0.55699481865285,0.581632653061224,0.743589743589744,0.619897959183674,0.655526992287918,0.75765306122449,0.642857142857143,0.780612244897959,0.602597402597403,0.738341968911917,0.645408163265306,0.718670076726343,0.732394366197183,0.792307692307692,0.576530612244898,0.736572890025575,0.801020408163265,0.745125348189415,0.574074074074074,0.790794979079498,0.7875,0.599489795918367
id16315,0.558441558441558,0.571428571428571,0.665775401069519,0.64207650273224,0.623376623376623,0.498701298701299,0.771428571428571,0.662011173184358,0.770666666666667,0.792452830188679,0.685714285714286,0.7734375,0.7734375,0.609375,0.781818181818182,0.489417989417989,0.6171875,0.709090909090909,0.572559366754617,0.753926701570681,0.488571428571429,0.761038961038961,0.81038961038961,0.735602094240838,0.763636363636364,0.811023622047244,0.648936170212766,0.851948051948052,0.634218289085546,0.725333333333333,0.688311688311688,0.771428571428571,0.488311688311688,0.780678851174935,1,0.433766233766234,0.779527559055118,0.585751978891821,0.6,0.765013054830287,0.646753246753247,0.696335078534031,0.768831168831169,0.685714285714286,0.828571428571429,0.626984126984127,0.794195250659631,0.672727272727273,0.723958333333333,0.78735632183908,0.830287206266319,0.579220779220779,0.78125,0.851948051948052,0.669270833333333,0.559895833333333,0.833766233766234,0.78961038961039,0.623376623376623
id16318,0.842239185750636,0.778625954198473,0.714659685863874,0.665775401069519,0.727735368956743,0.854961832061069,0.592875318066158,0.677595628415301,0.569190600522193,0.369393139841689,0.692111959287532,0.576530612244898,0.48469387755102,0.739795918367347,0.480916030534351,0.87598944591029,0.670918367346939,0.648854961832061,0.713178294573643,0.58974358974359,0.779329608938548,0.513994910941476,0.480916030534351,0.515384615384615,0.531806615776081,0.542416452442159,0.661458333333333,0.442748091603053,0.659942363112392,0.613577023498694,0.707379134860051,0.544529262086514,0.865139949109415,0.432225063938619,0.433766233766234,1,0.506426735218509,0.782945736434108,0.778625954198473,0.552429667519182,0.638676844783715,0.656410256410256,0.536895674300254,0.692111959287532,0.432569974554707,0.655440414507772,0.545219638242894,0.669211195928753,0.612244897959184,0.47752808988764,0.411764705882353,0.819338422391858,0.566326530612245,0.39440203562341,0.61734693877551,0.772959183673469,0.412213740458015,0.559796437659033,0.694656488549618
id16354,0.602564102564103,0.623076923076923,0.70976253298153,0.660377358490566,0.674358974358974,0.538461538461538,0.776923076923077,0.707988980716253,0.786842105263158,0.712765957446808,0.728205128205128,0.766066838046273,0.794344473007712,0.683804627249357,0.774358974358974,0.549333333333333,0.691516709511568,0.725641025641026,0.609375,0.736434108527132,0.554929577464789,0.738461538461539,0.843589743589744,0.710594315245478,0.779487179487179,0.772020725388601,0.658792650918635,0.82051282051282,0.683139534883721,0.710526315789474,0.702564102564103,0.774358974358974,0.551282051282051,0.747422680412371,0.779527559055118,0.506426735218509,1,0.651041666666667,0.651282051282051,0.744845360824742,0.697435897435897,0.710594315245478,0.764102564102564,0.725641025641026,0.782051282051282,0.671018276762402,0.755208333333333,0.692307692307692,0.730077120822622,0.796033994334278,0.775773195876289,0.646153846153846,0.77120822622108,0.787179487179487,0.691516709511568,0.622107969151671,0.81025641025641,0.802564102564103,0.638461538461538
id16361,0.853092783505155,0.734536082474227,0.811671087533157,0.75609756097561,0.86340206185567,0.806701030927835,0.747422680412371,0.800554016620499,0.722222222222222,0.491978609625668,0.809278350515464,0.708010335917313,0.625322997416021,0.82687338501292,0.631443298969072,0.804289544235925,0.767441860465116,0.757731958762887,0.696335078534031,0.711688311688312,0.790368271954674,0.626288659793814,0.621134020618557,0.61038961038961,0.652061855670103,0.690104166666667,0.746701846965699,0.605670103092783,0.754385964912281,0.724867724867725,0.814432989690722,0.68298969072165,0.829896907216495,0.55699481865285,0.585751978891821,0.782945736434108,0.651041666666667,1,0.84020618556701,0.673575129533679,0.75,0.771428571428571,0.680412371134021,0.835051546391753,0.579896907216495,0.711286089238845,0.680628272251309,0.757731958762887,0.718346253229974,0.623931623931624,0.559585492227979,0.876288659793814,0.695090439276486,0.541237113402062,0.674418604651163,0.868217054263566,0.574742268041237,0.719072164948454,0.804123711340206
