Row,id10957,id10959,id10960,id10965,id10971,id10972,id10973,id11610,id11920,id14092,id14094,id14095,id14096,id14098,id14100,id14101,id14103,id14104,id14105,id14106,id14107,id14108,id14109,id14110,id14113,id14115,id14119,id14120,id14121,id14122,id14124,id14219,id1496,id16033,id16087,id16094,id16280,id16282,id16283,id16284,id16285,id16286,id16288,id16291,id16294,id16296,id16297,id16299,id16301,id16303,id16317,id17428,id17429,id9547
id10957,1,0.994559841740851,0.994370522006141,0.991959798994975,0.960257159555815,0.99488163787588,0.995961635537607,0.997053045186641,0.993464052287582,0.993960310612597,0.995791245791246,0.975957257346394,0.998313659359191,0.933970460469157,0.976830398517145,0.990134529147982,0.955087076076994,0.99490662139219,0.99660441426146,0.899353647276085,0.994807892004154,0.997451146983857,0.994858611825193,0.960504201680672,0.97588285960379,0.99662447257384,0.992281303602058,0.997489539748954,0.992353440951572,0.989881956155143,0.99492385786802,0.997366110623354,0.945945945945946,0.99146110056926,0.994917407878018,0.966037735849057,0.995717344753747,0.995833333333333,1,0.978021978021978,0.983228511530398,1,0.993710691823899,0.886075949367089,0.995850622406639,0.99364406779661,0.987041036717063,0.995884773662551,0.997858672376874,0.993710691823899,0.987654320987654,0.875765529308836,0.986772486772487,0.917834702754954
id10959,0.994559841740851,1,0.991008991008991,0.989766081871345,0.948227349465391,0.993159203980099,0.99266862170088,0.994252873563218,0.991552270327349,0.996630160067397,0.99835661462613,0.975545851528384,1,0.921768707482993,0.970669110907424,0.990325417766051,0.951131221719457,0.998334721065778,0.997512437810945,0.886588658865887,0.996966632962588,0.996661101836394,0.998323554065381,0.960558751027116,0.967905405405405,0.997526793075021,0.994974874371859,0.998366013071895,0.995020746887967,0.992592592592593,0.995826377295493,1,0.941176470588235,0.99171270718232,0.993804213135068,0.961117861482382,0.997916666666667,0.997975708502024,0.997975708502024,0.967672413793103,0.969512195121951,0.997967479674797,0.993827160493827,0.866803278688525,0.993963782696177,0.995893223819302,0.980434782608696,0.997995991983968,1,0.989775051124744,0.99001996007984,0.862896315338475,0.984732824427481,0.910028116213683
id10960,0.994370522006141,0.991008991008991,1,0.988372093023256,0.954383886255924,0.992161985630307,0.991374936580416,0.992548435171386,0.989735278227985,0.991518235793045,0.992549668874172,0.973707274320771,0.994200497100249,0.926495726495727,0.973271889400922,0.982378854625551,0.951905626134301,0.992462311557789,0.993322203672788,0.892824704813806,0.990844354018311,0.993294216261526,0.992398648648649,0.961124896608768,0.971162001696353,0.99253112033195,0.991554054054054,0.990946502057613,0.986622073578595,0.987562189054726,0.992436974789916,0.992248062015504,0.951086956521739,0.986940298507463,0.989949748743719,0.965389369592089,0.991683991683992,0.987854251012146,0.991902834008097,0.967880085653105,0.973577235772358,0.993914807302231,0.989754098360656,0.881632653061225,0.985943775100402,0.985626283367556,0.980519480519481,0.98997995991984,0.991701244813278,0.993865030674847,0.980039920159681,0.861949956859361,0.984455958549223,0.913213066796685
id10965,0.991959798994975,0.989766081871345,0.988372093023256,1,0.948305571510626,0.991849529780564,0.989557434112382,0.991249392318911,0.988733905579399,0.998287671232877,0.995822890559733,0.972493345164153,0.994974874371859,0.92314335060449,0.969330855018587,0.985688729874776,0.946691176470588,0.99406779661017,0.994082840236686,0.885740402193784,0.991794871794872,0.991518235793045,0.993168232280102,0.963179916317992,0.96815834767642,0.995819397993311,0.991474850809889,0.994176372712146,0.989864864864865,0.99163179916318,0.995759117896522,0.994782608695652,0.932203389830508,0.99057492931197,0.987261146496815,0.958698372966208,0.991397849462366,0.99163179916318,0.991649269311065,0.964523281596452,0.968487394957983,0.991596638655462,0.993630573248408,0.871035940803383,0.987525987525988,0.993630573248408,0.979820627802691,0.991718426501035,0.993576017130621,0.983086680761099,0.987628865979381,0.860383944153578,0.976377952755906,0.908095238095238
id10971,0.960257159555815,0.948227349465391,0.954383886255924,0.948305571510626,1,0.944115713346483,0.951557093425606,0.957013574660634,0.951005025125628,0.949836423118866,0.952178533475027,0.952808988764045,0.954255319148936,0.940854326396495,0.97,0.965168539325843,0.958950969213227,0.959095801937567,0.954790096878364,0.951162790697674,0.957475994513032,0.963401506996771,0.952637244348762,0.929250263991552,0.965141612200436,0.955223880597015,0.9534127843987,0.95142555438226,0.944025834230355,0.945974576271186,0.950323974082073,0.953795379537954,NaN,0.943069306930693,0.961887477313975,0.943462897526502,0.972868217054264,0.969465648854962,0.976744186046512,0.967871485943775,0.973180076628352,0.976833976833977,0.980237154150198,0.875968992248062,0.973282442748092,0.973282442748092,0.971074380165289,0.96551724137931,0.96734693877551,0.976653696498054,0.958015267175573,0.895555555555556,0.951035781544256,0.902493074792244
id10972,0.99488163787588,0.993159203980099,0.992161985630307,0.991849529780564,0.944115713346483,1,0.996214511041009,0.99383477188656,0.991578947368421,0.997218358831711,0.997241379310345,0.970631424375918,1,0.905444126074499,0.95924308588064,0.983727810650888,0.95045045045045,0.994413407821229,0.997214484679666,0.915178571428571,0.99203187250996,0.99442119944212,0.994413407821229,0.972489683631362,0.965665236051502,0.99862258953168,0.994397759103641,0.997264021887825,0.99438202247191,0.994513031550069,0.994459833795014,1,NaN,0.989847715736041,0.993846153846154,0.960244648318043,NaN,NaN,NaN,NaN,NaN,NaN,NaN,NaN,NaN,NaN,NaN,NaN,NaN,NaN,NaN,0.836734693877551,0.984076433121019,0.928267477203647
id10973,0.995961635537607,0.99266862170088,0.991374936580416,0.989557434112382,0.951557093425606,0.996214511041009,1,0.99219512195122,0.991489361702128,0.991423670668954,0.99247491638796,0.97246891651865,0.994142259414226,0.922346850733391,0.970260223048327,0.983914209115281,0.953081876724931,0.991546914623838,0.994092827004219,0.895699908508692,0.991752577319588,0.99490662139219,0.991467576791809,0.959030100334448,0.969982847341338,0.994127516778524,0.988917306052856,0.99334995843724,0.992405063291139,0.989958158995816,0.990685859441152,0.995636998254799,0.942528735632184,0.990610328638498,0.994930291508238,0.961298377028714,0.989177489177489,0.991596638655462,0.991614255765199,0.970982142857143,0.974683544303797,0.991561181434599,0.993617021276596,0.870762711864407,0.985386221294363,0.989539748953975,0.988713318284424,0.98960498960499,0.987096774193548,0.985200845665962,0.987577639751553,0.861256544502618,0.985639686684073,0.914354066985646
id11610,0.997053045186641,0.994252873563218,0.992548435171386,0.991249392318911,0.957013574660634,0.99383477188656,0.99219512195122,1,0.992639327024185,0.99746835443038,0.999176276771005,0.978184991273997,0.99917695473251,0.928510638297872,0.975252062328139,0.990299823633157,0.954710144927536,0.99667497921862,0.998338870431894,0.893501805054152,0.995959595959596,0.998334721065778,0.997481108312343,0.962962962962963,0.972904318374259,0.998348472336912,0.994957983193277,0.998361998361998,0.993344425956739,0.991749174917492,0.995819397993311,0.999143101970865,0.951086956521739,0.99165120593692,0.994974874371859,0.961822660098522,0.995762711864407,0.995876288659794,0.997938144329897,0.978021978021978,0.971014492753623,0.997929606625259,0.993736951983299,0.870563674321503,0.993865030674847,0.993723849372385,0.982300884955752,0.995918367346939,0.997885835095137,0.989583333333333,0.98780487804878,0.866838487972509,0.983311938382542,0.914833879270005
id11920,0.993464052287582,0.991552270327349,0.989735278227985,0.988733905579399,0.951005025125628,0.991578947368421,0.991489361702128,0.992639327024185,1,0.991978609625668,0.993918331885317,0.97329650092081,0.995659722222222,0.919282511210762,0.972789115646258,0.985116279069767,0.950381679389313,0.994732221246708,0.994746059544658,0.884321223709369,0.991388589881593,0.995598591549296,0.993794326241135,0.95742832319722,0.968916518650089,0.993897122929381,0.989380530973451,0.993091537132988,0.988586479367867,0.986945169712794,0.992070484581498,0.99546690843155,0.931818181818182,0.990147783251232,0.995973154362416,0.956636005256242,0.989429175475687,0.989754098360656,0.993839835728953,0.963123644251627,0.97119341563786,0.993814432989691,0.991683991683992,0.865424430641822,0.989795918367347,0.99375,0.986813186813187,0.99390243902439,0.991578947368421,0.987551867219917,0.987854251012146,0.867513611615245,0.986206896551724,0.911810211449201
id14092,0.993960310612597,0.996630160067397,0.991518235793045,0.998287671232877,0.949836423118866,0.997218358831711,0.991423670668954,0.99746835443038,0.991978609625668,1,0.997508305647841,0.977212971078002,0.99833748960931,0.927101200686106,0.970534069981584,0.989371124889283,0.953424657534247,0.994962216624685,0.995819397993311,0.890710382513661,0.993877551020408,0.994097807757167,0.994915254237288,0.969294605809129,0.969257045260461,0.996669442131557,0.99492385786802,0.995045417010735,0.995805369127517,0.995008319467554,0.994936708860759,0.997418244406196,0.945355191256831,0.990645463049579,0.992414664981037,0.966501240694789,0.995717344753747,0.997920997920998,0.995850622406639,0.973451327433628,0.970772442588727,0.995824634655532,0.991614255765199,0.880503144654088,0.993814432989691,0.993684210526316,0.977924944812362,0.995884773662551,1,0.989539748953975,0.987704918032787,0.859240069084629,0.980519480519481,0.894476504534213
id14094,0.995791245791246,0.99835661462613,0.992549668874172,0.995822890559733,0.952178533475027,0.997241379310345,0.99247491638796,0.999176276771005,0.993918331885317,0.997508305647841,1,0.975064488392089,1,0.923785594639866,0.97027027027027,0.988734835355286,0.950222222222222,0.997538966365874,0.999182338511856,0.885941644562334,0.99604743083004,0.996710526315789,0.997520661157025,0.962753036437247,0.970857618651124,1,0.995049504950495,0.998389694041868,0.992641046606705,0.992706645056726,0.996710526315789,0.999154691462384,0.941176470588235,0.992740471869328,0.993894993894994,0.960479041916168,0.9979633401222,0.998019801980198,0.998019801980198,0.968421052631579,0.970178926441352,0.998011928429423,0.995975855130785,0.865731462925852,0.994094488188976,0.995983935742972,0.980891719745223,0.998039215686275,1,0.99,0.990234375,0.859915611814346,0.983688833124216,0.889871382636656
id14095,0.975957257346394,0.975545851528384,0.973707274320771,0.972493345164153,0.952808988764045,0.970631424375918,0.97246891651865,0.978184991273997,0.97329650092081,0.977212971078002,0.975064488392089,1,0.976784178847807,0.939823008849558,0.968690702087287,0.978937728937729,0.953904045155221,0.978279756733275,0.974025974025974,0.903467666354264,0.977871443624868,0.977430555555556,0.975503062117235,0.946735395189003,0.964003511852502,0.97420464316423,0.973776223776224,0.974358974358974,0.970486111111111,0.969045571797077,0.97212543554007,0.974910394265233,0.939226519337017,0.973684210526316,0.984395318595579,0.952442159383033,0.98494623655914,0.979296066252588,0.98326359832636,0.964679911699779,0.95850622406639,0.98109243697479,0.985138004246285,0.877118644067797,0.977083333333333,0.976595744680851,0.971428571428571,0.983402489626556,0.982795698924731,0.980972515856237,0.981404958677686,0.88031914893617,0.971774193548387,0.877986348122867
id14096,0.998313659359191,1,0.994200497100249,0.994974874371859,0.954255319148936,1,0.994142259414226,0.99917695473251,0.995659722222222,0.99833748960931,1,0.976784178847807,1,0.926174496644295,0.972948602344454,0.990459670424978,0.951871657754011,0.998357963875205,0.999181669394435,0.88997338065661,0.997011952191235,0.998351195383347,0.998345740281224,0.961850649350649,0.971619365609349,0.999186991869919,0.996688741721854,1,0.995901639344262,0.99349593495935,0.998351195383347,1,0.941176470588235,0.993607305936073,0.995079950799508,0.963768115942029,0.997942386831276,0.998,1,0.970276008492569,0.971887550200803,1,0.993914807302231,0.868421052631579,0.996023856858847,0.995943204868154,0.982832618025751,0.998019801980198,1,0.991919191919192,0.990138067061144,0.862944162436548,0.984848484848485,0.894439967767929
id14098,0.933970460469157,0.921768707482993,0.926495726495727,0.92314335060449,0.940854326396495,0.905444126074499,0.922346850733391,0.928510638297872,0.919282511210762,0.927101200686106,0.923785594639866,0.939823008849558,0.926174496644295,1,0.939478584729981,0.941808415398389,0.942360475754803,0.930508474576271,0.925675675675676,0.903196347031964,0.934917355371901,0.930508474576271,0.925704526046114,0.904682274247492,0.944206008583691,0.927013422818792,0.925641025641026,0.923397169025812,0.919627749576988,0.919530595138307,0.923469387755102,0.924281984334204,0.951351351351351,0.92162417374882,0.947903430749682,0.922403003754693,0.947698744769874,0.942973523421589,0.951219512195122,0.954838709677419,0.957055214723926,0.948875255623722,0.950413223140496,0.876543209876543,0.947368421052632,0.944214876033058,0.949781659388646,0.943548387096774,0.943632567849687,0.952674897119342,0.943775100401606,0.908933217692975,0.92904073587385,0.855361596009975
id14100,0.976830398517145,0.970669110907424,0.973271889400922,0.969330855018587,0.97,0.95924308588064,0.970260223048327,0.975252062328139,0.972789115646258,0.970534069981584,0.97027027027027,0.968690702087287,0.972948602344454,0.939478584729981,1,0.971209213051823,0.955034213098729,0.976342129208371,0.971766848816029,0.91796875,0.975391498881432,0.979981801637853,0.970534069981584,0.947794779477948,0.965898617511521,0.97289972899729,0.970642201834862,0.970430107526882,0.968181818181818,0.964833183047791,0.966240875912409,0.970973782771536,0.928,0.965270684371808,0.987377279102384,0.966942148760331,0.982716049382716,0.980861244019139,0.988009592326139,0.972222222222222,0.985645933014354,0.987951807228916,0.990338164251208,0.882211538461538,0.983372921615202,0.985401459854015,0.987244897959184,0.983412322274882,0.982800982800983,0.985542168674699,0.97877358490566,0.88515406162465,0.981159420289855,0.885509838998211
id14101,0.990134529147982,0.990325417766051,0.982378854625551,0.985688729874776,0.965168539325843,0.983727810650888,0.983914209115281,0.990299823633157,0.985116279069767,0.989371124889283,0.988734835355286,0.978937728937729,0.990459670424978,0.941808415398389,0.971209213051823,1,0.95947219604147,0.991243432574431,0.987751531058618,0.910122989593188,0.991489361702128,0.990342405618964,0.988495575221239,0.961038961038961,0.968141592920354,0.988734835355286,0.986749116607774,0.989655172413793,0.986876640419947,0.984375,0.986807387862797,0.990999099909991,0.949438202247191,0.983365949119374,0.989515072083879,0.952564102564103,0.995670995670996,0.995789473684211,0.99789029535865,0.973333333333333,0.972515856236786,0.997885835095137,0.991452991452991,0.870488322717622,0.99581589958159,0.993603411513859,0.97972972972973,0.995824634655532,0.997835497835498,0.991507430997877,0.987525987525988,0.882671480144404,0.978494623655914,0.891566265060241
id14103,0.955087076076994,0.951131221719457,0.951905626134301,0.946691176470588,0.958950969213227,0.95045045045045,0.953081876724931,0.954710144927536,0.950381679389313,0.953424657534247,0.950222222222222,0.953904045155221,0.951871657754011,0.942360475754803,0.955034213098729,0.95947219604147,1,0.954012623985573,0.951438848920863,0.91988416988417,0.950331125827815,0.956717763751127,0.951774340309372,0.929840142095915,0.962727272727273,0.952720785013381,0.952855847688123,0.948717948717949,0.948694869486949,0.947462154942119,0.949504057709648,0.95636025998143,0.95906432748538,0.942190669371197,0.964088397790055,0.936314363143631,0.948198198198198,0.949450549450549,0.953846153846154,0.965277777777778,0.964835164835165,0.95364238410596,0.957683741648107,0.88,0.951965065502183,0.948775055679287,0.957845433255269,0.947826086956522,0.948430493273543,0.957871396895787,0.941558441558442,0.894542090656799,0.945714285714286,0.872791519434629
id14104,0.99490662139219,0.998334721065778,0.992462311557789,0.99406779661017,0.959095801937567,0.994413407821229,0.991546914623838,0.99667497921862,0.994732221246708,0.994962216624685,0.997538966365874,0.978279756733275,0.998357963875205,0.930508474576271,0.976342129208371,0.991243432574431,0.954012623985573,1,0.997520661157025,0.894973070017953,0.994994994994995,0.995854063018242,0.996663886572143,0.963084495488105,0.969747899159664,0.996715927750411,0.994983277591973,0.99673735725938,0.992549668874172,0.990147783251232,0.996672212978369,0.998292058070026,0.93956043956044,0.99171270718232,0.992610837438424,0.961259079903148,0.997946611909651,0.997991967871486,0.997995991983968,0.972340425531915,0.973790322580645,0.997987927565392,0.995943204868154,0.867886178861789,0.994011976047904,0.9979633401222,0.980810234541578,0.998011928429423,1,0.991902834008097,0.992079207920792,0.869230769230769,0.986022871664549,0.891693811074919
id14105,0.99660441426146,0.997512437810945,0.993322203672788,0.994082840236686,0.954790096878364,0.997214484679666,0.994092827004219,0.998338870431894,0.994746059544658,0.995819397993311,0.999182338511856,0.974025974025974,0.999181669394435,0.925675675675676,0.971766848816029,0.987751531058618,0.951438848920863,0.997520661157025,1,0.88898836168308,0.994969818913481,0.997510373443983,0.996666666666667,0.963205233033524,0.971428571428571,0.998364677023712,0.994176372712146,0.997560975609756,0.992568125516102,0.990998363338789,0.996680497925311,0.999148936170213,0.935483870967742,0.993548387096774,0.995018679950187,0.963325183374083,0.995901639344262,0.996007984031936,0.99800796812749,0.968220338983051,0.971943887775551,0.998,0.993927125506073,0.866666666666667,0.994047619047619,0.993927125506073,0.980810234541578,0.99604743083004,0.997955010224949,0.991935483870968,0.988188976377953,0.862862010221465,0.984615384615385,0.893668831168831
id14106,0.899353647276085,0.886588658865887,0.892824704813806,0.885740402193784,0.951162790697674,0.915178571428571,0.895699908508692,0.893501805054152,0.884321223709369,0.890710382513661,0.885941644562334,0.903467666354264,0.88997338065661,0.903196347031964,0.91796875,0.910122989593188,0.91988416988417,0.894973070017953,0.88898836168308,1,0.887323943661972,0.9000900090009,0.891304347826087,0.861184792219275,0.908431550317316,0.891651865008881,0.89159891598916,0.886343612334802,0.883824843610366,0.884751773049645,0.887387387387387,0.89279112754159,0.864130434782609,0.882061446977205,0.890688259109312,0.870541611624835,0.844393592677345,0.842572062084257,0.844789356984479,0.875,0.850779510022272,0.846325167037862,0.849775784753363,0.822869955156951,0.848017621145374,0.849099099099099,0.857142857142857,0.839912280701754,0.838268792710706,0.854260089686099,0.834061135371179,0.876486733760293,0.873626373626374,0.843447669305189
id14107,0.994807892004154,0.996966632962588,0.990844354018311,0.991794871794872,0.957475994513032,0.99203187250996,0.991752577319588,0.995959595959596,0.991388589881593,0.993877551020408,0.99604743083004,0.977871443624868,0.997011952191235,0.934917355371901,0.975391498881432,0.991489361702128,0.950331125827815,0.994994994994995,0.994969818913481,0.887323943661972,1,0.994959677419355,0.995979899497487,0.959244532803181,0.968335035750766,0.995014955134596,0.991894630192503,0.99703557312253,0.992094861660079,0.991044776119403,0.996957403651116,0.996865203761755,0.940540540540541,0.991794871794872,0.995055624227441,0.963592233009709,0.997933884297521,0.997991967871486,0.997991967871486,0.97008547008547,0.971774193548387,0.997983870967742,0.993890020366599,0.869918699186992,0.994011976047904,0.995926680244399,0.980645161290323,0.998011928429423,1,0.989858012170385,0.99009900990099,0.87991718426501,0.984732824427481,0.87857847976308
id14108,0.997451146983857,0.996661101836394,0.993294216261526,0.991518235793045,0.963401506996771,0.99442119944212,0.99490662139219,0.998334721065778,0.995598591549296,0.994097807757167,0.996710526315789,0.977430555555556,0.998351195383347,0.930508474576271,0.979981801637853,0.990342405618964,0.956717763751127,0.995854063018242,0.997510373443983,0.9000900090009,0.994959677419355,1,0.995822890559733,0.962171052631579,0.975548060708263,0.996707818930041,0.993305439330544,0.996729354047424,0.990863787375415,0.988477366255144,0.993327773144287,0.997427101200686,0.940540540540541,0.990749306197965,0.997518610421836,0.964590964590965,0.993801652892562,0.993927125506073,0.997979797979798,0.974413646055437,0.979674796747967,0.997971602434077,0.993839835728953,0.877300613496933,0.993963782696177,0.995893223819302,0.989200863930886,0.993987975951904,0.995850622406639,0.995918367346939,0.986027944111776,0.871575342465753,0.985933503836317,0.897959183673469
id14109,0.994858611825193,0.998323554065381,0.992398648648649,0.993168232280102,0.952637244348762,0.994413407821229,0.991467576791809,0.997481108312343,0.993794326241135,0.994915254237288,0.997520661157025,0.975503062117235,0.998345740281224,0.925704526046114,0.970534069981584,0.988495575221239,0.951774340309372,0.996663886572143,0.996666666666667,0.891304347826087,0.995979899497487,0.995822890559733,1,0.960330578512397,0.97108843537415,0.996685998342999,0.994112699747687,0.997534921939195,0.992487479131887,0.990074441687345,0.99496644295302,0.998272884283247,0.937142857142857,0.990783410138249,0.99252801992528,0.96078431372549,0.997950819672131,0.997955010224949,0.997959183673469,0.974025974025974,0.975359342915811,0.997955010224949,0.995867768595041,0.869565217391304,0.99390243902439,0.995850622406639,0.980349344978166,0.997979797979798,1,0.991786447638604,0.98991935483871,0.865120274914089,0.985897435897436,0.890894175553733
id14110,0.960504201680672,0.960558751027116,0.961124896608768,0.963179916317992,0.929250263991552,0.972489683631362,0.959030100334448,0.962962962962963,0.95742832319722,0.969294605809129,0.962753036437247,0.946735395189003,0.961850649350649,0.904682274247492,0.947794779477948,0.961038961038961,0.929840142095915,0.963084495488105,0.963205233033524,0.861184792219275,0.959244532803181,0.962171052631579,0.960330578512397,1,0.937552039966694,0.9642567018684,0.962871287128713,0.960547504025765,0.960752248569092,0.958637469586375,0.960526315789474,0.967088607594937,0.908108108108108,0.955251141552511,0.958230958230958,0.931407942238267,0.950920245398773,0.94234592445328,0.94831013916501,0.92600422832981,0.936127744510978,0.94810379241517,0.951515151515152,0.837675350701403,0.946640316205534,0.943775100401606,0.93816631130064,0.946850393700787,0.942973523421589,0.949799196787149,0.93921568627451,0.839225589225589,0.953341740226986,0.864951768488746
id14113,0.97588285960379,0.967905405405405,0.971162001696353,0.96815834767642,0.965141612200436,0.965665236051502,0.969982847341338,0.972904318374259,0.968916518650089,0.969257045260461,0.970857618651124,0.964003511852502,0.971619365609349,0.944206008583691,0.965898617511521,0.968141592920354,0.962727272727273,0.969747899159664,0.971428571428571,0.908431550317316,0.968335035750766,0.975548060708263,0.97108843537415,0.937552039966694,1,0.973266499582289,0.968617472434266,0.968543046357616,0.96215306980656,0.966666666666667,0.968723584108199,0.96877710320902,0.956521739130435,0.965290806754221,0.973684210526316,0.943488943488944,0.971014492753623,0.969818913480885,0.975855130784708,0.968085106382979,0.965656565656566,0.975757575757576,0.981632653061224,0.877800407331976,0.97,0.969387755102041,0.967811158798283,0.970119521912351,0.971134020618557,0.975609756097561,0.964285714285714,0.885714285714286,0.95741935483871,0.885950413223141
id14115,0.99662447257384,0.997526793075021,0.99253112033195,0.995819397993311,0.955223880597015,0.99862258953168,0.994127516778524,0.998348472336912,0.993897122929381,0.996669442131557,1,0.97420464316423,0.999186991869919,0.927013422818792,0.97289972899729,0.988734835355286,0.952720785013381,0.996715927750411,0.998364677023712,0.891651865008881,0.995014955134596,0.996707818930041,0.996685998342999,0.9642567018684,0.973266499582289,1,0.99586435070306,0.998384491114701,0.99343724364233,0.994313566206336,0.996702390766694,0.998309382924768,0.940860215053763,0.992673992673993,0.99383477188656,0.960048426150121,0.995910020449898,0.996007984031936,0.99800796812749,0.968220338983051,0.971943887775551,0.998,0.997975708502024,0.868686868686869,0.994047619047619,0.993927125506073,0.982905982905983,0.99604743083004,0.997955010224949,0.991935483870968,0.988188976377953,0.862098138747885,0.983523447401774,0.891129032258065
id14119,0.992281303602058,0.994974874371859,0.991554054054054,0.991474850809889,0.9534127843987,0.994397759103641,0.988917306052856,0.994957983193277,0.989380530973451,0.99492385786802,0.995049504950495,0.973776223776224,0.996688741721854,0.925641025641026,0.970642201834862,0.986749116607774,0.952855847688123,0.994983277591973,0.994176372712146,0.89159891598916,0.991894630192503,0.993305439330544,0.994112699747687,0.962871287128713,0.968617472434266,0.99586435070306,1,0.995069843878389,0.989983305509182,0.988429752066116,0.99244966442953,0.996548748921484,0.923913043478261,0.987895716945996,0.987484355444305,0.958333333333333,0.991666666666667,0.989837398373984,0.989858012170385,0.965591397849462,0.969387755102041,0.989816700610998,0.989669421487603,0.866255144032922,0.98989898989899,0.987628865979381,0.971861471861472,0.989939637826962,0.993762993762994,0.985685071574642,0.981963927855711,0.859603789836348,0.982005141388175,0.888433141919606
id14120,0.997489539748954,0.998366013071895,0.990946502057613,0.994176372712146,0.95142555438226,0.997264021887825,0.99334995843724,0.998361998361998,0.993091537132988,0.995045417010735,0.998389694041868,0.974358974358974,1,0.923397169025812,0.970430107526882,0.989655172413793,0.948717948717949,0.99673735725938,0.997560975609756,0.886343612334802,0.99703557312253,0.996729354047424,0.997534921939195,0.960547504025765,0.968543046357616,0.998384491114701,0.995069843878389,1,0.994308943089431,0.991935483870968,0.996729354047424,0.999159663865546,0.941176470588235,0.992740471869328,0.993894993894994,0.961676646706587,0.997967479674797,0.99802371541502,0.99802371541502,0.968487394957983,0.970238095238095,0.998015873015873,0.993975903614458,0.866,0.994106090373281,0.995991983967936,0.980932203389831,0.998043052837573,1,0.99001996007984,0.990253411306043,0.85989932885906,0.984943538268507,0.88968824940048
id14121,0.992353440951572,0.995020746887967,0.986622073578595,0.989864864864865,0.944025834230355,0.99438202247191,0.992405063291139,0.993344425956739,0.988586479367867,0.995805369127517,0.992641046606705,0.970486111111111,0.995901639344262,0.919627749576988,0.968181818181818,0.986876640419947,0.948694869486949,0.992549668874172,0.992568125516102,0.883824843610366,0.992094861660079,0.990863787375415,0.992487479131887,0.960752248569092,0.96215306980656,0.99343724364233,0.989983305509182,0.994308943089431,1,0.992628992628993,0.991694352159468,0.998292058070026,0.941176470588235,0.989130434782609,0.990243902439024,0.960526315789474,0.99390243902439,0.99802371541502,0.994071146245059,0.964285714285714,0.966269841269841,0.994047619047619,0.98995983935743,0.866,0.990176817288802,0.993987975951904,0.976694915254237,0.99412915851272,0.995951417004049,0.986027944111776,0.98635477582846,0.8603066439523,0.981203007518797,0.885551948051948
id14122,0.989881956155143,0.992592592592593,0.987562189054726,0.99163179916318,0.945974576271186,0.994513031550069,0.989958158995816,0.991749174917492,0.986945169712794,0.995008319467554,0.992706645056726,0.969045571797077,0.99349593495935,0.919530595138307,0.964833183047791,0.984375,0.947462154942119,0.990147783251232,0.990998363338789,0.884751773049645,0.991044776119403,0.988477366255144,0.990074441687345,0.958637469586375,0.966666666666667,0.994313566206336,0.988429752066116,0.991935483870968,0.992628992628993,1,0.99341021416804,0.995769881556684,0.933701657458563,0.988127853881279,0.987684729064039,0.96130592503023,0.991786447638604,0.995991983967936,0.992015968063872,0.961702127659574,0.96579476861167,0.991967871485944,0.993890020366599,0.866125760649087,0.98804780876494,0.991886409736308,0.974248927038627,0.992063492063492,0.993839835728953,0.987854251012146,0.984189723320158,0.857142857142857,0.977186311787072,0.887278582930757
id14124,0.99492385786802,0.995826377295493,0.992436974789916,0.995759117896522,0.950323974082073,0.994459833795014,0.990685859441152,0.995819397993311,0.992070484581498,0.994936708860759,0.996710526315789,0.97212543554007,0.998351195383347,0.923469387755102,0.966240875912409,0.986807387862797,0.949504057709648,0.996672212978369,0.996680497925311,0.887387387387387,0.996957403651116,0.993327773144287,0.99496644295302,0.960526315789474,0.968723584108199,0.996702390766694,0.99244966442953,0.996729354047424,0.991694352159468,0.99341021416804,1,0.997429305912596,0.940540540540541,0.994439295644115,0.992481203007519,0.964153275648949,0.997899159663866,0.997959183673469,0.997959183673469,0.967391304347826,0.969387755102041,0.997955010224949,0.993814432989691,0.865702479338843,0.993914807302231,0.997933884297521,0.982869379014989,0.997979797979798,1,0.989690721649485,0.993963782696177,0.860445205479452,0.984455958549223,0.896326530612245
id14219,0.997366110623354,1,0.992248062015504,0.994782608695652,0.953795379537954,1,0.995636998254799,0.999143101970865,0.99546690843155,0.997418244406196,0.999154691462384,0.974910394265233,1,0.924281984334204,0.970973782771536,0.990999099909991,0.95636025998143,0.998292058070026,0.999148936170213,0.89279112754159,0.996865203761755,0.997427101200686,0.998272884283247,0.967088607594937,0.96877710320902,0.998309382924768,0.996548748921484,0.999159663865546,0.998292058070026,0.995769881556684,0.997429305912596,1,0.941520467836257,0.994291151284491,0.994825355756792,0.964421855146125,0.997849462365591,1,1,0.973273942093541,0.974736842105263,1,0.993617021276596,0.869747899159664,0.99792531120332,0.995771670190275,0.984234234234234,0.99792531120332,1,0.993657505285412,0.989669421487603,0.863556338028169,0.984,0.893456375838926
id1496,0.945945945945946,0.941176470588235,0.951086956521739,0.932203389830508,NaN,NaN,0.942528735632184,0.951086956521739,0.931818181818182,0.945355191256831,0.941176470588235,0.939226519337017,0.941176470588235,0.951351351351351,0.928,0.949438202247191,0.95906432748538,0.93956043956044,0.935483870967742,0.864130434782609,0.940540540540541,0.940540540540541,0.937142857142857,0.908108108108108,0.956521739130435,0.940860215053763,0.923913043478261,0.941176470588235,0.941176470588235,0.933701657458563,0.940540540540541,0.941520467836257,1,0.940217391304348,0.961111111111111,0.934426229508197,0.935672514619883,0.944444444444444,0.940540540540541,0.947674418604651,0.944444444444444,0.940217391304348,0.945054945054945,0.888888888888889,0.945945945945946,0.931818181818182,0.949152542372881,0.941176470588235,0.941176470588235,0.945355191256831,0.935828877005348,0.893048128342246,0.923913043478261,0.87192118226601
id16033,0.99146110056926,0.99171270718232,0.986940298507463,0.99057492931197,0.943069306930693,0.989847715736041,0.990610328638498,0.99165120593692,0.990147783251232,0.990645463049579,0.992740471869328,0.973684210526316,0.993607305936073,0.92162417374882,0.965270684371808,0.983365949119374,0.942190669371197,0.99171270718232,0.993548387096774,0.882061446977205,0.991794871794872,0.990749306197965,0.990783410138249,0.955251141552511,0.965290806754221,0.992673992673993,0.987895716945996,0.992740471869328,0.989130434782609,0.988127853881279,0.994439295644115,0.994291151284491,0.940217391304348,1,0.992601726263872,0.95995145631068,0.995893223819302,0.995991983967936,0.997995991983968,0.97228144989339,0.969818913480885,0.997987927565392,0.995943204868154,0.866125760649087,0.99402390438247,0.995934959349594,0.98494623655914,1,0.997946611909651,0.98989898989899,0.994071146245059,0.865530303030303,0.982210927573062,0.881340579710145
id16087,0.994917407878018,0.993804213135068,0.989949748743719,0.987261146496815,0.961887477313975,0.993846153846154,0.994930291508238,0.994974874371859,0.995973154362416,0.992414664981037,0.993894993894994,0.984395318595579,0.995079950799508,0.947903430749682,0.987377279102384,0.989515072083879,0.964088397790055,0.992610837438424,0.995018679950187,0.890688259109312,0.995055624227441,0.997518610421836,0.99252801992528,0.958230958230958,0.973684210526316,0.99383477188656,0.987484355444305,0.993894993894994,0.990243902439024,0.987684729064039,0.992481203007519,0.994825355756792,0.961111111111111,0.992601726263872,1,0.963885429638854,0.991525423728814,0.991752577319588,0.995876288659794,0.971800433839479,0.977225672877847,0.995859213250518,0.993736951983299,0.879166666666667,0.991786447638604,0.993710691823899,0.991228070175439,0.995918367346939,0.99364406779661,0.98960498960499,0.987780040733198,0.898862199747156,0.984313725490196,0.876829268292683
id16094,0.966037735849057,0.961117861482382,0.965389369592089,0.958698372966208,0.943462897526502,0.960244648318043,0.961298377028714,0.961822660098522,0.956636005256242,0.966501240694789,0.960479041916168,0.952442159383033,0.963768115942029,0.922403003754693,0.966942148760331,0.952564102564103,0.936314363143631,0.961259079903148,0.963325183374083,0.870541611624835,0.963592233009709,0.964590964590965,0.96078431372549,0.931407942238267,0.943488943488944,0.960048426150121,0.958333333333333,0.961676646706587,0.960526315789474,0.96130592503023,0.964153275648949,0.964421855146125,0.934426229508197,0.95995145631068,0.963885429638854,1,0.958677685950413,0.957831325301205,0.959839357429719,0.946695095948827,0.951612903225806,0.959758551307847,0.959183673469388,0.882113821138211,0.954183266932271,0.959266802443992,0.950643776824034,0.958250497017893,0.965020576131687,0.96551724137931,0.954455445544554,0.885714285714286,0.953905249679898,0.886363636363636
id16280,0.995717344753747,0.997916666666667,0.991683991683992,0.991397849462366,0.972868217054264,NaN,0.989177489177489,0.995762711864407,0.989429175475687,0.995717344753747,0.9979633401222,0.98494623655914,0.997942386831276,0.947698744769874,0.982716049382716,0.995670995670996,0.948198198198198,0.997946611909651,0.995901639344262,0.844393592677345,0.997933884297521,0.993801652892562,0.997950819672131,0.950920245398773,0.971014492753623,0.995910020449898,0.991666666666667,0.997967479674797,0.99390243902439,0.991786447638604,0.997899159663866,0.997849462365591,0.935672514619883,0.995893223819302,0.991525423728814,0.958677685950413,1,0.995876288659794,0.997942386831276,0.967320261437909,0.971014492753623,0.995884773662551,0.993736951983299,0.866388308977035,0.991803278688525,0.993723849372385,0.977973568281938,0.995934959349594,0.997885835095137,0.989648033126294,0.991869918699187,0.889583333333333,0.984815618221258,0.849593495934959
id16282,0.995833333333333,0.997975708502024,0.987854251012146,0.99163179916318,0.969465648854962,NaN,0.991596638655462,0.995876288659794,0.989754098360656,0.997920997920998,0.998019801980198,0.979296066252588,0.998,0.942973523421589,0.980861244019139,0.995789473684211,0.949450549450549,0.997991967871486,0.996007984031936,0.842572062084257,0.997991967871486,0.993927125506073,0.997955010224949,0.94234592445328,0.969818913480885,0.996007984031936,0.989837398373984,0.99802371541502,0.99802371541502,0.995991983967936,0.997959183673469,1,0.944444444444444,0.995991983967936,0.991752577319588,0.957831325301205,0.995876288659794,1,0.995991983967936,0.968017057569296,0.970178926441352,0.995975855130785,0.991853360488798,0.870182555780933,0.99203187250996,0.995934959349594,0.980891719745223,0.996031746031746,0.997946611909651,0.987854251012146,0.988142292490119,0.892712550607287,0.980972515856237,0.841897233201581
id16283,1,0.997975708502024,0.991902834008097,0.991649269311065,0.976744186046512,NaN,0.991614255765199,0.997938144329897,0.993839835728953,0.995850622406639,0.998019801980198,0.98326359832636,1,0.951219512195122,0.988009592326139,0.99789029535865,0.953846153846154,0.997995991983968,0.99800796812749,0.844789356984479,0.997991967871486,0.997979797979798,0.997959183673469,0.94831013916501,0.975855130784708,0.99800796812749,0.989858012170385,0.99802371541502,0.994071146245059,0.992015968063872,0.997959183673469,1,0.940540540540541,0.997995991983968,0.995876288659794,0.959839357429719,0.997942386831276,0.995991983967936,1,0.970276008492569,0.973843058350101,1,0.995934959349594,0.868421052631579,0.99601593625498,0.99390243902439,0.982869379014989,0.996031746031746,0.997946611909651,0.993939393939394,0.990118577075099,0.892712550607287,0.985200845665962,0.849802371541502
id16284,0.978021978021978,0.967672413793103,0.967880085653105,0.964523281596452,0.967871485943775,NaN,0.970982142857143,0.978021978021978,0.963123644251627,0.973451327433628,0.968421052631579,0.964679911699779,0.970276008492569,0.954838709677419,0.972222222222222,0.973333333333333,0.965277777777778,0.972340425531915,0.968220338983051,0.875,0.97008547008547,0.974413646055437,0.974025974025974,0.92600422832981,0.968085106382979,0.968220338983051,0.965591397849462,0.968487394957983,0.964285714285714,0.961702127659574,0.967391304347826,0.973273942093541,0.947674418604651,0.97228144989339,0.971800433839479,0.946695095948827,0.967320261437909,0.968017057569296,0.970276008492569,1,0.97644539614561,0.970212765957447,0.969827586206897,0.876068376068376,0.970338983050847,0.963203463203463,0.970720720720721,0.966315789473684,0.96943231441048,0.97228144989339,0.957983193277311,0.892933618843683,0.96875,0.863445378151261
id16285,0.983228511530398,0.969512195121951,0.973577235772358,0.968487394957983,0.973180076628352,NaN,0.974683544303797,0.971014492753623,0.97119341563786,0.970772442588727,0.970178926441352,0.95850622406639,0.971887550200803,0.957055214723926,0.985645933014354,0.972515856236786,0.964835164835165,0.973790322580645,0.971943887775551,0.850779510022272,0.971774193548387,0.979674796747967,0.975359342915811,0.936127744510978,0.965656565656566,0.971943887775551,0.969387755102041,0.970238095238095,0.966269841269841,0.96579476861167,0.969387755102041,0.974736842105263,0.944444444444444,0.969818913480885,0.977225672877847,0.951612903225806,0.971014492753623,0.970178926441352,0.973843058350101,0.97644539614561,1,0.975757575757576,0.973415132924335,0.881873727087576,0.972,0.969387755102041,0.987206823027719,0.970119521912351,0.969072164948454,0.983739837398374,0.962301587301587,0.894523326572008,0.959745762711864,0.849206349206349
id16286,1,0.997967479674797,0.993914807302231,0.991596638655462,0.976833976833977,NaN,0.991561181434599,0.997929606625259,0.993814432989691,0.995824634655532,0.998011928429423,0.98109243697479,1,0.948875255623722,0.987951807228916,0.997885835095137,0.95364238410596,0.997987927565392,0.998,0.846325167037862,0.997983870967742,0.997971602434077,0.997955010224949,0.94810379241517,0.975757575757576,0.998,0.989816700610998,0.998015873015873,0.994047619047619,0.991967871485944,0.997955010224949,1,0.940217391304348,0.997987927565392,0.995859213250518,0.959758551307847,0.995884773662551,0.995975855130785,1,0.970212765957447,0.975757575757576,1,0.995926680244399,0.869653767820774,0.996,0.993877551020408,0.982869379014989,0.996031746031746,0.997938144329897,0.993927125506073,0.988095238095238,0.892276422764228,0.987315010570824,0.853174603174603
