Row,id10957,id10959,id10960,id10965,id10971,id10972,id10973,id11232,id11609,id11610,id11611,id11616,id11920,id13078,id14091,id14092,id14094,id14095,id14096,id14097,id14098,id14099,id14100,id14101,id14103,id14104,id14105,id14106,id14107,id14108,id14109,id14110,id14111,id14112,id14113,id14114,id14115,id14117,id14119,id14120,id14121,id14122,id14123,id14124,id14125,id14219,id1496,id16033,id16087,id16094,id16221,id16278,id16279,id16280,id16281,id16282,id16283,id16284,id16285,id16286,id16287,id16288,id16289,id16290,id16291,id16292,id16293,id16294,id16295,id16296,id16297,id16298,id16299,id16300,id16301,id16302,id16303,id16316,id16317,id17428,id17429,id9547
id10957,1,0.995502248875562,0.993993993993994,0.990874524714829,0.96093023255814,0.993877551020408,0.995495495495496,0.174117647058824,0.260801256873527,0.996290801186944,0.04609375,0.0580882352941176,0.992771084337349,0.0446215139442231,0.0421607378129117,0.992565055762082,0.995180722891566,0.980916030534351,0.997590361445783,0.159061277705346,0.939205955334988,0.0578186596583443,0.982456140350877,0.991014120667522,0.961741424802111,0.995145631067961,0.995209580838323,0.895502645502645,0.99672131147541,0.997587454764777,0.993849938499385,0.962829736211031,0.25,0.237515225334957,0.982737361282367,0.0637450199203187,0.996402877697842,0.0542635658914729,0.990243902439024,0.997607655502392,0.992665036674817,0.989143546441496,0.136968085106383,0.993975903614458,0.154911838790932,0.996212121212121,0.942528735632184,0.994293865905849,0.996509598603839,0.965337954939341,0.0594594594594595,0.319480519480519,0.0147492625368732,1,0.18266253869969,0.997368421052632,1,0.977900552486188,0.989389920424403,1,0.0738636363636364,0.997361477572559,0.286206896551724,0.0186170212765957,0.880636604774536,0.0742857142857143,0.267532467532468,0.994764397905759,0.0943396226415094,0.997311827956989,0.991847826086957,0.0659630606860158,0.997402597402597,0.12568306010929,1,0.0583554376657825,0.994708994708995,0.0965909090909091,0.992207792207792,0.879052369077307,0.987654320987654,0.912727272727273
id10959,0.995502248875562,1,0.992619926199262,0.988104089219331,0.951612903225806,0.996003996003996,0.994875549048316,0.170278637770898,0.258435582822086,0.994909090909091,0.0455235204855842,0.0567528735632184,0.992941176470588,0.0420888542478566,0.0364109232769831,0.995115995115995,0.997627520759193,0.982367758186398,1,0.156209987195903,0.93390452876377,0.0567741935483871,0.978580990629183,0.993678887484197,0.964613368283093,0.998799519807923,0.996458087367178,0.890909090909091,0.998389694041868,0.99761620977354,0.997575757575758,0.962219598583235,0.243125904486252,0.223021582733813,0.976857490864799,0.0615183246073298,0.997635933806147,0.0510204081632653,0.992805755395684,0.997644287396938,0.995180722891566,0.991686460807601,0.129801324503311,0.993983152827918,0.15470297029703,1,0.9375,0.99581589958159,0.996575342465753,0.957698815566836,0.0577933450087566,0.301020408163265,0.0145348837209302,1,0.175226586102719,0.99740932642487,1,0.97275204359673,0.979166666666667,1,0.0743801652892562,0.99738219895288,0.280405405405405,0.0182767624020888,0.866840731070496,0.0812324929971989,0.262755102040816,0.994858611825193,0.0984615384615385,0.997361477572559,0.988919667590028,0.0699481865284974,0.997442455242967,0.109919571045576,1,0.0625,0.9921875,0.0916666666666667,0.99234693877551,0.875768757687577,0.98972602739726,0.90547263681592
id10960,0.993993993993994,0.992619926199262,1,0.988077496274218,0.95897903372835,0.991951710261569,0.991195891415994,0.172628304821151,0.265793528505393,0.992700729927007,0.0492307692307692,0.0615050651230101,0.990690457719162,0.0470588235294118,0.0471821756225426,0.990184049079755,0.991646778042959,0.976040353089533,0.994033412887828,0.165809768637532,0.936117936117936,0.0611183355006502,0.978523489932886,0.983544303797468,0.960681520314548,0.991556091676719,0.991686460807601,0.895287958115183,0.990306946688207,0.991636798088411,0.989024390243902,0.961995249406176,0.256521739130435,0.235223160434258,0.978021978021978,0.0644736842105263,0.991676575505351,0.0614596670934699,0.98792270531401,0.989336492890995,0.985454545454545,0.985663082437276,0.138666666666667,0.990326481257557,0.159402241594022,0.991260923845193,0.947976878612717,0.988668555240793,0.991334488734835,0.963917525773196,0.0569395017793594,0.314720812182741,0.0260115606936416,0.992063492063492,0.183183183183183,0.987113402061856,0.98974358974359,0.970430107526882,0.979274611398964,0.992268041237113,0.074792243767313,0.98961038961039,0.297658862876254,0.0285714285714286,0.881136950904393,0.0858725761772853,0.269035532994924,0.98469387755102,0.110091743119266,0.986876640419947,0.986301369863014,0.077319587628866,0.989821882951654,0.13031914893617,0.992021276595745,0.0645994832041344,0.992227979274611,0.101928374655647,0.982233502538071,0.870049504950495,0.986062717770035,0.912732474964235
id10965,0.990874524714829,0.988104089219331,0.988077496274218,1,0.951553930530165,0.989929506545821,0.98957557706627,0.177899686520376,0.269890795631825,0.991156963890936,0.0503095975232198,0.0641867250182349,0.988066825775656,0.0504334121355398,0.044973544973545,0.997524752475248,0.995180722891566,0.978288633461047,0.993975903614458,0.165149544863459,0.936567164179104,0.0620052770448549,0.975609756097561,0.988461538461539,0.960159362549801,0.99390243902439,0.992788461538462,0.889182058047493,0.99185667752443,0.991535671100363,0.991368680641184,0.966386554621849,0.251470588235294,0.234146341463415,0.977695167286245,0.0651595744680851,0.995209580838323,0.0569948186528497,0.989010989010989,0.992814371257485,0.988984088127295,0.990349819059107,0.133868808567604,0.995115995115995,0.164987405541562,0.993702770780856,0.927710843373494,0.994285714285714,0.989510489510489,0.955017301038062,0.0575539568345324,0.325520833333333,0.0208333333333333,0.994565217391304,0.186335403726708,0.992063492063492,0.994750656167979,0.972222222222222,0.978723404255319,0.994694960212202,0.0795454545454545,0.997333333333333,0.304794520547945,0.023936170212766,0.872,0.0880681818181818,0.283854166666667,0.989501312335958,0.106583072100313,0.997304582210243,0.985915492957747,0.0767195767195767,0.992167101827676,0.128415300546448,0.994550408719346,0.0638297872340425,0.986702127659574,0.0965909090909091,0.9921875,0.87125,0.980735551663748,0.901946647440519
id10971,0.96093023255814,0.951612903225806,0.95897903372835,0.951553930530165,1,0.946031746031746,0.956639566395664,0.210930009587728,0.316091954022989,0.962230215827338,0.0938967136150235,0.102928127772848,0.951028403525955,0.0929791271347249,0.0854700854700855,0.959663865546219,0.960848287112561,0.958620689655172,0.962479608482871,0.213644524236984,0.948073701842546,0.104240282685512,0.971283783783784,0.969125214408233,0.957671957671958,0.967051070840198,0.962662337662338,0.954710144927536,0.977832512315271,0.968954248366013,0.96039603960396,0.940322580645161,0.277551020408163,0.248772504091653,0.97319932998325,0.106884057971015,0.962722852512156,0.0993031358885017,0.96039603960396,0.961165048543689,0.953333333333333,0.951377633711507,0.152450090744102,0.95364238410596,0.175559380378657,0.959459459459459,NaN,0.954545454545455,0.980874316939891,0.956873315363881,0.0692520775623269,0.298342541436464,0.0352112676056338,0.988888888888889,0.168831168831169,0.988950276243094,0.988826815642458,0.977272727272727,0.983333333333333,0.988888888888889,0.0718562874251497,0.983050847457627,0.28,0.0404624277456647,0.877094972067039,0.0935672514619883,0.287292817679558,0.988950276243094,0.141176470588235,0.988950276243094,0.975757575757576,0.11731843575419,0.983425414364641,0.172413793103448,0.987878787878788,0.0617977528089888,0.98314606741573,0.132530120481928,0.977900552486188,0.89778534923339,0.969444444444444,0.901581722319859
id10972,0.993877551020408,0.996003996003996,0.991951710261569,0.989929506545821,0.946031746031746,1,0.997002997002997,0.159707724425887,0.257173219978746,0.993137254901961,0.0477673935617861,0.063600782778865,0.992299229922992,0.0557308096740273,0.045662100456621,0.995633187772926,0.995652173913044,0.981524249422633,1,0.167420814479638,0.918918918918919,0.0496613995485327,0.959183673469388,0.988479262672811,0.9688995215311,0.993421052631579,0.995698924731183,0.925581395348837,0.991769547325103,0.991341991341991,0.991189427312775,0.974304068522484,0.139204545454545,0.155844155844156,0.973094170403587,0.0562347188264059,0.997849462365591,0.0402843601895735,0.991304347826087,0.995708154506438,0.995525727069351,0.993548387096774,0.0948905109489051,0.991397849462366,0.0928074245939675,1,NaN,1,0.995145631067961,0.956310679611651,0.0564102564102564,NaN,NaN,NaN,NaN,NaN,NaN,NaN,NaN,NaN,NaN,NaN,NaN,NaN,NaN,NaN,NaN,NaN,NaN,NaN,NaN,NaN,NaN,NaN,NaN,NaN,NaN,NaN,NaN,0.846681922196796,0.990338164251208,0.927325581395349
id10973,0.995495495495496,0.994875549048316,0.991195891415994,0.98957557706627,0.956639566395664,0.997002997002997,1,0.171428571428571,0.262106072252114,0.992005813953488,0.0482388973966309,0.0626801152737752,0.99296875,0.0483619344773791,0.0431372549019608,0.991421568627451,0.994047619047619,0.978562421185372,0.995243757431629,0.160462130937099,0.932680538555692,0.061038961038961,0.974598930481283,0.988607594936709,0.960681520314548,0.991596638655462,0.992890995260663,0.898701298701299,0.995161290322581,0.994019138755981,0.991484184914842,0.957345971563981,0.251088534107402,0.227436823104693,0.975609756097561,0.0630749014454665,0.995255041518387,0.057618437900128,0.987937273823884,0.995271867612293,0.992753623188406,0.991666666666667,0.129161118508655,0.991576413959085,0.154037267080745,0.99625,0.938650306748466,0.995792426367461,0.998281786941581,0.958974358974359,0.0565371024734982,0.307692307692308,0.0204081632653061,0.991957104557641,0.180473372781065,0.997395833333333,0.992227979274611,0.96986301369863,0.976439790575916,0.992167101827676,0.0807799442896936,0.994764397905759,0.290540540540541,0.026246719160105,0.866141732283465,0.0891364902506964,0.266666666666667,0.987080103359173,0.111111111111111,0.994818652849741,0.991643454038997,0.078125,0.994858611825193,0.123655913978495,0.991935483870968,0.0706806282722513,0.984293193717278,0.0980392156862745,0.992307692307692,0.872839506172839,0.987889273356401,0.908119658119658
id11232,0.174117647058824,0.170278637770898,0.172628304821151,0.177899686520376,0.210930009587728,0.159707724425887,0.171428571428571,1,0.835616438356164,0.170750382848392,0.860016090104586,0.856926570779712,0.178868552412646,0.846655791190865,0.848901098901099,0.181340341655716,0.176620076238882,0.198917456021651,0.174522292993631,0.831043956043956,0.236910994764398,0.872399445214979,0.219020172910663,0.17910447761194,0.214186369958275,0.176092544987147,0.17743979721166,0.280112044817927,0.198961937716263,0.177522349936143,0.17578125,0.205063291139241,0.806748466257669,0.797953964194373,0.1953125,0.846047156726768,0.175949367088608,0.854024556616644,0.179354838709677,0.176544766708701,0.178294573643411,0.173248407643312,0.815020862308762,0.170483460559796,0.85336856010568,0.178045515394913,0.233128834355828,0.182370820668693,0.203703703703704,0.238095238095238,0.815589353612167,0.765840220385675,0.779874213836478,0.196531791907514,0.837662337662338,0.19327731092437,0.200557103064067,0.208211143695015,0.214084507042254,0.198324022346369,0.844776119402985,0.199438202247191,0.783088235294118,0.80225988700565,0.293785310734463,0.836363636363636,0.787878787878788,0.205555555555556,0.818791946308725,0.184659090909091,0.201166180758017,0.817927170868347,0.198895027624309,0.818443804034582,0.196531791907514,0.773743016759777,0.202816901408451,0.858858858858859,0.201101928374656,0.276315789473684,0.201117318435754,0.223388305847076
id11609,0.260801256873527,0.258435582822086,0.265793528505393,0.269890795631825,0.316091954022989,0.257173219978746,0.262106072252114,0.835616438356164,1,0.261995430312262,0.778577138289368,0.781367392937641,0.26975259377494,0.774877650897227,0.753521126760563,0.30026455026455,0.288831835686778,0.312925170068027,0.287917737789203,0.762829403606103,0.357615894039735,0.767732962447844,0.347889374090247,0.305061559507524,0.326704545454545,0.290909090909091,0.290281329923274,0.384180790960452,0.292035398230089,0.293814432989691,0.29002624671916,0.315923566878981,0.794985250737463,0.775773195876289,0.30779392338177,0.764788732394366,0.290281329923274,0.745529573590096,0.29518855656697,0.290445859872611,0.29242819843342,0.284061696658098,0.775393419170243,0.283854166666667,0.787716955941255,0.288798920377868,0.286549707602339,0.286370597243492,0.297709923664122,0.328947368421053,0.737864077669903,0.780051150895141,0.731778425655977,0.266666666666667,0.818731117824773,0.264935064935065,0.263565891472868,0.284153005464481,0.283854166666667,0.263020833333333,0.795013850415512,0.27154046997389,0.784511784511784,0.736292428198433,0.353246753246753,0.801120448179272,0.800511508951407,0.267352185089974,0.749235474006116,0.255263157894737,0.270718232044199,0.758441558441558,0.266666666666667,0.796791443850267,0.262734584450402,0.742857142857143,0.274151436031332,0.822714681440443,0.271099744245524,0.375499334221039,0.293893129770992,0.318959107806691
id11610,0.996290801186944,0.994909090909091,0.992700729927007,0.991156963890936,0.962230215827338,0.993137254901961,0.992005813953488,0.170750382848392,0.261995430312262,1,0.0462822458270106,0.057774607703281,0.992242048099302,0.0462249614791988,0.0391644908616188,0.996328029375765,0.998809523809524,0.986146095717884,0.998812351543943,0.161331626120359,0.942401960784314,0.0566280566280566,0.983914209115281,0.993646759847522,0.968462549277267,0.996407185628743,0.997630331753555,0.898305084745763,0.996784565916399,0.998810939357907,0.996354799513973,0.965680473372781,0.242732558139535,0.225961538461538,0.981662591687042,0.0631578947368421,0.998813760379597,0.0512163892445583,0.992762364294331,0.997635933806147,0.992744860943168,0.99046483909416,0.131648936170213,0.993968636911942,0.152795031055901,0.998753117206983,0.947976878612717,0.995762711864407,0.996533795493934,0.958833619210978,0.0567375886524823,0.303896103896104,0.0178041543026706,0.997289972899729,0.180428134556575,0.994722955145119,0.99737532808399,0.980555555555556,0.978779840848806,0.997354497354497,0.0706214689265537,0.997340425531915,0.282758620689655,0.0185676392572944,0.86968085106383,0.0878186968838527,0.262337662337662,0.992167101827676,0.0911949685534591,0.994623655913979,0.988732394366197,0.068421052631579,0.994791666666667,0.121293800539084,0.997275204359673,0.0636604774535809,0.989389920424403,0.0980392156862745,0.98961038961039,0.879012345679012,0.987889273356401,0.910437235543018
id11611,0.04609375,0.0455235204855842,0.0492307692307692,0.0503095975232198,0.0938967136150235,0.0477673935617861,0.0482388973966309,0.860016090104586,0.778577138289368,0.0462822458270106,1,0.965620328849028,0.0533661740558292,0.966828478964401,0.964936886395512,0.0378590078328982,0.0405576679340938,0.0567567567567568,0.0358056265984655,0.857338820301783,0.100396301188904,0.948753462603878,0.0661870503597122,0.046195652173913,0.0759493670886076,0.0400516795865633,0.0407643312101911,0.154166666666667,0.0441176470588235,0.0423620025673941,0.0432503276539974,0.0762388818297332,0.766561514195584,0.798188874514877,0.0618421052631579,0.946793997271487,0.0381679389312977,0.950413223140496,0.0426908150064683,0.0406091370558376,0.0405576679340938,0.0434782608695652,0.882758620689655,0.0389105058365759,0.852047556142668,0.0389784946236559,0.0946745562130177,0.0376266280752533,0.0426287744227353,0.0790861159929701,0.941818181818182,0.702412868632708,0.94578313253012,0.0337078651685393,0.829113924050633,0.0376344086021505,0.035230352303523,0.0459770114942529,0.0567567567567568,0.0355191256830601,0.909356725146199,0.0383561643835616,0.715302491103203,0.956164383561644,0.145205479452055,0.920588235294118,0.756032171581769,0.0405405405405405,0.889250814332248,0.03601108033241,0.0457142857142857,0.920980926430518,0.0376344086021505,0.864406779661017,0.0309859154929577,0.915068493150685,0.0437158469945355,0.909883720930233,0.0428954423592493,0.157615894039735,0.0514184397163121,0.134074074074074
id11616,0.0580882352941176,0.0567528735632184,0.0615050651230101,0.0641867250182349,0.102928127772848,0.063600782778865,0.0626801152737752,0.856926570779712,0.781367392937641,0.057774607703281,0.965620328849028,1,0.0670261941448382,0.970432145564822,0.966751918158568,0.0435308343409915,0.0469483568075117,0.0659203980099503,0.0423031727379554,0.859315589353612,0.0991535671100363,0.94910941475827,0.0686922060766182,0.05125,0.0710594315245478,0.0451306413301663,0.0467836257309941,0.150192554557125,0.0491283676703645,0.0471142520612485,0.0492196878751501,0.0735981308411215,0.783977110157368,0.795023696682464,0.0591073582629674,0.947300771208226,0.0444444444444444,0.948492462311558,0.0498812351543943,0.0466200466200466,0.0439952437574316,0.0457746478873239,0.87843137254902,0.0452380952380952,0.859756097560976,0.0431565967940814,0.0919540229885057,0.0444444444444444,0.0493197278911565,0.0838926174496644,0.960069444444444,0.695979899497487,0.945714285714286,0.0418848167539267,0.857566765578635,0.0459183673469388,0.0431472081218274,0.0561497326203209,0.0641025641025641,0.040920716112532,0.904109589041096,0.0412371134020619,0.730897009966777,0.961439588688946,0.159383033419023,0.928571428571429,0.741206030150754,0.0481012658227848,0.88821752265861,0.038860103626943,0.0516304347826087,0.921119592875318,0.0428211586901763,0.881266490765172,0.0421052631578947,0.923076923076923,0.0487179487179487,0.923497267759563,0.0452261306532663,0.156934306569343,0.0527210884353742,0.135983263598326
id11920,0.992771084337349,0.992941176470588,0.990690457719162,0.988066825775656,0.951028403525955,0.992299229922992,0.99296875,0.178868552412646,0.26975259377494,0.992242048099302,0.0533661740558292,0.0670261941448382,1,0.0504966887417219,0.0443213296398892,0.992217898832685,0.99496855345912,0.980026631158455,0.996231155778894,0.170532060027285,0.930142302716688,0.063273727647868,0.977142857142857,0.989261744966443,0.959722222222222,0.997458703939009,0.995006242197253,0.883656509695291,0.993079584775087,0.994943109987358,0.994851994851995,0.957446808510638,0.256222547584187,0.244274809160305,0.975578406169666,0.066759388038943,0.994987468671679,0.0582655826558266,0.988549618320611,0.993757802746567,0.989769820971867,0.987405541561713,0.145685997171146,0.992356687898089,0.164257555847569,0.996031746031746,0.930232558139535,0.995481927710843,0.998134328358209,0.953959484346225,0.0651340996168582,0.311224489795918,0.0202898550724638,0.994666666666667,0.187878787878788,0.992248062015504,0.994845360824742,0.967479674796748,0.976623376623377,0.994805194805195,0.0805555555555556,0.997395833333333,0.292929292929293,0.0234986945169713,0.861618798955614,0.0893854748603352,0.270408163265306,0.989717223650386,0.104294478527607,0.994722955145119,0.991735537190083,0.0725388601036269,0.997442455242967,0.132275132275132,0.994652406417112,0.0625,0.986979166666667,0.102777777777778,0.994897959183674,0.873202614379085,0.992537313432836,0.904109589041096
id13078,0.0446215139442231,0.0420888542478566,0.0470588235294118,0.0504334121355398,0.0929791271347249,0.0557308096740273,0.0483619344773791,0.846655791190865,0.774877650897227,0.0462249614791988,0.966828478964401,0.970432145564822,0.0504966887417219,1,0.968503937007874,0.032051282051282,0.0323785803237858,0.0490716180371353,0.0261845386533666,0.85464333781965,0.093951093951094,0.948993288590604,0.0519662921348315,0.0358565737051793,0.0600272851296044,0.0314465408805031,0.0310173697270471,0.131147540983607,0.0272572402044293,0.035,0.0343511450381679,0.0644361833952912,0.782805429864253,0.805520702634881,0.0525641025641026,0.952445652173913,0.0309405940594059,0.952,0.0353089533417402,0.0321384425216316,0.0288220551378446,0.0323383084577114,0.875346260387812,0.0315656565656566,0.852140077821012,0.0285714285714286,0.072463768115942,0.0310192023633678,0.0257352941176471,0.0617059891107078,0.958955223880597,0.698060941828255,0.97444089456869,0.014367816091954,0.861386138613861,0.0140845070422535,0.0139664804469274,0.0353982300884956,0.0311614730878187,0.0112044817927171,0.93993993993994,0.0170454545454545,0.71841155234657,0.977337110481586,0.144886363636364,0.925595238095238,0.742382271468144,0.0194986072423398,0.897959183673469,0.0171919770773639,0.0211480362537764,0.922005571030641,0.0166666666666667,0.882183908045977,0.0145772594752187,0.929178470254957,0.0226628895184136,0.910714285714286,0.0221606648199446,0.149677419354839,0.032967032967033,0.132830188679245
id14091,0.0421607378129117,0.0364109232769831,0.0471821756225426,0.044973544973545,0.0854700854700855,0.045662100456621,0.0431372549019608,0.848901098901099,0.753521126760563,0.0391644908616188,0.964936886395512,0.966751918158568,0.0443213296398892,0.968503937007874,1,0.0407358738501971,0.0408684546615581,0.0598639455782313,0.0358056265984655,0.874309392265193,0.100263852242744,0.957359009628611,0.0679190751445087,0.0489795918367347,0.0699300699300699,0.04,0.039440203562341,0.144662921348315,0.0455341506129597,0.0423620025673941,0.04296875,0.073510773130545,0.803076923076923,0.813384813384813,0.0565789473684211,0.948682385575589,0.0393401015228426,0.96070460704607,0.0426356589147287,0.0405576679340938,0.0402075226977951,0.0445859872611465,0.880281690140845,0.0414507772020725,0.870838881491345,0.0386666666666667,0.099236641221374,0.0367534456355283,0.0434782608695652,0.0856610800744879,0.957773512476008,0.713068181818182,0.960655737704918,0.0293255131964809,0.853820598006645,0.0317919075144509,0.0286532951289398,0.0484848484848485,0.0465116279069767,0.0288184438040346,0.915151515151515,0.0319767441860465,0.728301886792453,0.965014577259475,0.155619596541787,0.920489296636086,0.761363636363636,0.0314285714285714,0.888501742160279,0.0321637426900585,0.0430769230769231,0.916905444126075,0.03125,0.890855457227139,0.029940119760479,0.930434782608696,0.0375722543352601,0.917177914110429,0.0369318181818182,0.164021164021164,0.052930056710775,0.144121365360303
id14092,0.992565055762082,0.995115995115995,0.990184049079755,0.997524752475248,0.959663865546219,0.995633187772926,0.991421568627451,0.181340341655716,0.30026455026455,0.996328029375765,0.0378590078328982,0.0435308343409915,0.992217898832685,0.032051282051282,0.0407358738501971,1,0.99639855942377,0.984848484848485,0.997601918465228,0.163029525032092,0.940740740740741,0.0598179453836151,0.978494623655914,0.992356687898089,0.968253968253968,0.993939393939394,0.994026284348865,0.897368421052632,0.99349593495935,0.993975903614458,0.992638036809816,0.973715651135006,0.256934306569343,0.231515151515152,0.979038224414303,0.0596026490066225,0.996415770609319,0.0504527813712807,0.992718446601942,0.99284862932062,0.995121951219512,0.993990384615385,0.134408602150538,0.992691839220463,0.160401002506266,0.99625468164794,0.941860465116279,0.992887624466572,0.994755244755245,0.965397923875433,0.052064631956912,0.328083989501312,0.0179640718562874,0.997252747252747,0.175,0.997333333333333,0.997354497354497,0.980392156862745,0.981233243967828,0.997326203208556,0.0804597701149425,0.994666666666667,0.307692307692308,0.0184210526315789,0.885026737967914,0.0862068965517241,0.280839895013123,0.994722955145119,0.108695652173913,0.994579945799458,0.985955056179775,0.0691489361702128,0.994736842105263,0.126721763085399,1,0.0616621983914209,0.992,0.1,0.989501312335958,0.870967741935484,0.984238178633975,0.89179548156956
id14094,0.995180722891566,0.997627520759193,0.991646778042959,0.995180722891566,0.960848287112561,0.995652173913044,0.994047619047619,0.176620076238882,0.288831835686778,0.998809523809524,0.0405576679340938,0.0469483568075117,0.99496855345912,0.0323785803237858,0.0408684546615581,0.99639855942377,1,0.981458590852905,1,0.158690176322418,0.936298076923077,0.0609137055837563,0.977690288713911,0.991304347826087,0.962772785622593,0.997641509433962,0.99883855981417,0.889312977099237,0.996879875195008,0.997658079625293,0.99642431466031,0.965197215777262,0.252840909090909,0.229681978798587,0.979640718562874,0.06426735218509,1,0.0551378446115288,0.992924528301887,0.997685185185185,0.991715976331361,0.990675990675991,0.134193548387097,0.995271867612293,0.156815440289505,0.998776009791922,0.9375,0.997260273972603,0.996649916247906,0.956953642384106,0.0548885077186964,0.311881188118812,0.0140449438202247,1,0.178885630498534,0.99748743718593,1,0.973614775725594,0.97979797979798,1,0.0754716981132075,0.99746192893401,0.293159609120521,0.0177215189873418,0.865822784810127,0.0840108401084011,0.267326732673267,0.99501246882793,0.100890207715134,0.997442455242967,0.989276139410188,0.0703517587939698,0.997518610421836,0.124675324675325,1,0.0606060606060606,0.992424242424242,0.0970350404312668,0.992574257425743,0.870772946859903,0.988255033557047,0.884526558891455
id14095,0.980916030534351,0.982367758186398,0.976040353089533,0.978288633461047,0.958620689655172,0.981524249422633,0.978562421185372,0.198917456021651,0.312925170068027,0.986146095717884,0.0567567567567568,0.0659203980099503,0.980026631158455,0.0490716180371353,0.0598639455782313,0.984848484848485,0.981458590852905,1,0.983950617283951,0.18375499334221,0.9404309252218,0.081989247311828,0.979253112033195,0.984231274638633,0.956639566395664,0.985037406483791,0.98034398034398,0.902834008097166,0.984974958263773,0.983930778739184,0.982323232323232,0.953259532595326,0.274509803921569,0.249687890137328,0.968394437420986,0.0800542740841248,0.981549815498155,0.070572569906791,0.979974968710889,0.980368098159509,0.97741530740276,0.974009900990099,0.153739612188366,0.97622027534418,0.174644243208279,0.981818181818182,0.935672514619883,0.983727810650888,0.987455197132617,0.951957295373665,0.0715596330275229,0.332460732984293,0.0353982300884956,0.983606557377049,0.202492211838006,0.979002624671916,0.981481481481482,0.969444444444444,0.965789473684211,0.981333333333333,0.0974212034383954,0.989247311827957,0.303448275862069,0.0346666666666667,0.882352941176471,0.0977011494252874,0.293193717277487,0.976253298153034,0.125391849529781,0.978319783197832,0.98050139275766,0.0930851063829787,0.984251968503937,0.146005509641873,0.983516483516483,0.0828877005347594,0.981283422459893,0.117142857142857,0.981675392670157,0.884810126582279,0.98018018018018,0.878824969400245
id14096,0.997590361445783,1,0.994033412887828,0.993975903614458,0.962479608482871,1,0.995243757431629,0.174522292993631,0.287917737789203,0.998812351543943,0.0358056265984655,0.0423031727379554,0.996231155778894,0.0261845386533666,0.0358056265984655,0.997601918465228,1,0.983950617283951,1,0.157430730478589,0.9375,0.0545685279187817,0.979057591623037,0.993788819875776,0.96401028277635,0.998822143698469,0.99883855981417,0.894132653061224,0.998425196850394,0.998827667057444,0.997619047619048,0.963995354239257,0.247159090909091,0.227594339622642,0.979616306954436,0.0579150579150579,1,0.0513141426783479,0.995277449822904,1,0.996445497630332,0.992990654205608,0.130378096479791,0.997633136094675,0.15347137637028,1,0.9375,0.998618784530387,0.996621621621622,0.961538461538462,0.0536332179930796,0.31077694235589,0.0142450142450142,1,0.175595238095238,0.997455470737914,1,0.973333333333333,0.979539641943734,1,0.0737704918032787,0.997429305912596,0.291390728476821,0.0153846153846154,0.866666666666667,0.0824175824175824,0.263157894736842,0.994949494949495,0.102409638554217,0.99740932642487,0.989130434782609,0.0687022900763359,0.99748743718593,0.121052631578947,1,0.0562659846547315,0.9923273657289,0.0953678474114441,0.992481203007519,0.873035066505441,0.989847715736041,0.889017341040462
id14097,0.159061277705346,0.156209987195903,0.165809768637532,0.165149544863459,0.213644524236984,0.167420814479638,0.160462130937099,0.831043956043956,0.762829403606103,0.161331626120359,0.857338820301783,0.859315589353612,0.170532060027285,0.85464333781965,0.874309392265193,0.163029525032092,0.158690176322418,0.18375499334221,0.157430730478589,1,0.213730569948187,0.858695652173913,0.194008559201141,0.170698924731183,0.193324061196106,0.160714285714286,0.159147869674185,0.266574585635359,0.158894645941278,0.164556962025316,0.163449163449163,0.183979974968711,0.785060975609756,0.771573604060914,0.177002583979328,0.867503486750349,0.159347553324969,0.857723577235772,0.164750957854406,0.16125,0.157289002557545,0.16141235813367,0.806223479490806,0.157088122605364,0.833986928104575,0.16158940397351,0.189655172413793,0.152923538230885,0.159259259259259,0.189338235294118,0.846007604562738,0.684357541899441,0.830670926517572,0.146198830409357,0.792763157894737,0.147727272727273,0.146478873239437,0.167664670658683,0.165242165242165,0.144886363636364,0.835365853658537,0.143266475644699,0.715909090909091,0.851540616246499,0.24,0.846153846153846,0.748603351955307,0.152112676056338,0.817275747508306,0.136231884057971,0.148936170212766,0.826704545454545,0.145658263305322,0.820588235294118,0.129411764705882,0.825714285714286,0.148148148148148,0.832826747720365,0.14804469273743,0.251302083333333,0.163265306122449,0.230673316708229
id14098,0.939205955334988,0.93390452876377,0.936117936117936,0.936567164179104,0.948073701842546,0.918918918918919,0.932680538555692,0.236910994764398,0.357615894039735,0.942401960784314,0.100396301188904,0.0991535671100363,0.930142302716688,0.093951093951094,0.100263852242744,0.940740740740741,0.936298076923077,0.9404309252218,0.9375,0.213730569948187,1,0.120893561103811,0.950067476383266,0.943734015345269,0.942028985507246,0.942961165048544,0.936602870813397,0.905635648754915,0.952614379084967,0.942168674698795,0.937346437346437,0.917464114832536,0.315712187958884,0.295042321644498,0.952029520295203,0.120529801324503,0.938922155688623,0.116129032258065,0.933008526187576,0.935560859188544,0.932844932844933,0.927884615384615,0.189516129032258,0.931707317073171,0.214824120603015,0.934673366834171,0.948275862068966,0.937321937321937,0.954624781849913,0.92560553633218,0.0879712746858169,0.345177664974619,0.069364161849711,0.94973544973545,0.217522658610272,0.948453608247423,0.951406649616368,0.956873315363881,0.961139896373057,0.950904392764858,0.130193905817175,0.955729166666667,0.347826086956522,0.0595854922279793,0.877922077922078,0.128133704735376,0.314720812182741,0.951406649616368,0.149390243902439,0.952755905511811,0.950549450549451,0.115979381443299,0.94910941475827,0.170666666666667,0.949468085106383,0.101036269430052,0.953367875647668,0.141274238227147,0.949238578680203,0.905824039653036,0.93859649122807,0.857142857142857
id14099,0.0578186596583443,0.0567741935483871,0.0611183355006502,0.0620052770448549,0.104240282685512,0.0496613995485327,0.061038961038961,0.872399445214979,0.767732962447844,0.0566280566280566,0.948753462603878,0.94910941475827,0.063273727647868,0.948993288590604,0.957359009628611,0.0598179453836151,0.0609137055837563,0.081989247311828,0.0545685279187817,0.858695652173913,0.120893561103811,1,0.0932568149210904,0.0650406504065041,0.0891364902506964,0.0604890604890605,0.0582278481012658,0.15266106442577,0.0706713780918728,0.0636942675159236,0.0636363636363636,0.0933165195460277,0.822085889570552,0.835897435897436,0.0769230769230769,0.943448275862069,0.0582278481012658,0.949932341001353,0.0629820051413882,0.0605296343001261,0.0606451612903226,0.0559796437659033,0.888888888888889,0.0526992287917738,0.872031662269129,0.0558510638297872,0.0875,0.0611620795107034,0.0687022900763359,0.105461393596987,0.936046511627907,0.751428571428571,0.930921052631579,0.0654761904761905,0.867109634551495,0.0668604651162791,0.0664739884393064,0.0820668693009119,0.0901162790697674,0.0612244897959184,0.929878048780488,0.0647058823529412,0.763358778625954,0.935860058309038,0.192419825072886,0.904024767801858,0.788571428571429,0.0718390804597701,0.898601398601399,0.0672514619883041,0.0683229813664596,0.936416184971098,0.0659025787965616,0.899705014749263,0.0630630630630631,0.901162790697674,0.0728862973760933,0.912650602409639,0.0714285714285714,0.177865612648221,0.0738636363636364,0.143396226415094
id14100,0.982456140350877,0.978580990629183,0.978523489932886,0.975609756097561,0.971283783783784,0.959183673469388,0.974598930481283,0.219020172910663,0.347889374090247,0.983914209115281,0.0661870503597122,0.0686922060766182,0.977142857142857,0.0519662921348315,0.0679190751445087,0.978494623655914,0.977690288713911,0.979253112033195,0.979057591623037,0.194008559201141,0.950067476383266,0.0932568149210904,1,0.980555555555556,0.96,0.984147952443857,0.977806788511749,0.912981455064194,0.992753623188406,0.984231274638633,0.977119784656797,0.955671447196871,0.3042071197411,0.276455026455026,0.971849865951743,0.091703056768559,0.979139504563233,0.0835694050991501,0.977363515312916,0.977864583333333,0.977393617021277,0.969855832241153,0.171091445427729,0.972111553784861,0.199724517906336,0.978142076502732,0.921739130434783,0.978021978021978,0.994140625,0.971098265895954,0.0705645161290323,0.36697247706422,0.0178571428571429,0.996794871794872,0.216417910447761,0.993788819875776,0.996904024767802,0.977198697068404,0.990683229813665,0.996875,0.088135593220339,1,0.309608540925267,0.0220125786163522,0.881987577639752,0.101694915254237,0.318042813455657,0.993846153846154,0.111842105263158,0.996825396825397,0.993333333333333,0.0900621118012422,0.996932515337423,0.154838709677419,0.996784565916399,0.0747663551401869,0.990625,0.121621621621622,0.996941896024465,0.890540540540541,0.984313725490196,0.881818181818182
id14101,0.991014120667522,0.993678887484197,0.983544303797468,0.988461538461539,0.969125214408233,0.988479262672811,0.988607594936709,0.17910447761194,0.305061559507524,0.993646759847522,0.046195652173913,0.05125,0.989261744966443,0.0358565737051793,0.0489795918367347,0.992356687898089,0.991304347826087,0.984231274638633,0.993788819875776,0.170698924731183,0.943734015345269,0.0650406504065041,0.980555555555556,1,0.96617050067659,0.993734335839599,0.99009900990099,0.911924119241192,0.996644295302013,0.993765586034913,0.991094147582697,0.966584158415842,0.263636363636364,0.233962264150943,0.974619289340102,0.0685871056241427,0.992601726263872,0.0616797900262467,0.988693467336683,0.992592592592593,0.991172761664565,0.987562189054726,0.138888888888889,0.987389659520807,0.163636363636364,0.993523316062176,0.946107784431138,0.99112426035503,0.996376811594203,0.955436720142603,0.0609981515711645,0.305039787798409,0.0181818181818182,0.997237569060773,0.175548589341693,0.994623655913979,0.997319034852547,0.977591036414566,0.981081081081081,0.997304582210243,0.0751445086705202,0.994565217391304,0.29757785467128,0.021680216802168,0.867924528301887,0.0874635568513119,0.273209549071618,0.994666666666667,0.102893890675241,0.994520547945206,0.98567335243553,0.0700808625336927,0.99468085106383,0.133333333333333,0.997214484679666,0.0650406504065041,0.991913746630728,0.0982658959537572,0.989389920424403,0.885456885456886,0.987364620938628,0.891625615763547
id14103,0.961741424802111,0.964613368283093,0.960681520314548,0.960159362549801,0.957671957671958,0.9688995215311,0.960681520314548,0.214186369958275,0.326704545454545,0.968462549277267,0.0759493670886076,0.0710594315245478,0.959722222222222,0.0600272851296044,0.0699300699300699,0.968253968253968,0.962772785622593,0.956639566395664,0.96401028277635,0.193324061196106,0.942028985507246,0.0891364902506964,0.96,0.96617050067659,1,0.963636363636364,0.961636828644501,0.918767507002801,0.962962962962963,0.962628865979381,0.963157894736842,0.939897698209719,0.288401253918495,0.257772020725389,0.967277486910995,0.0919377652050919,0.962962962962963,0.0905349794238683,0.962239583333333,0.960509554140127,0.96078431372549,0.958921694480103,0.166904422253923,0.957198443579767,0.185234899328859,0.967698519515478,0.956521739130435,0.956656346749226,0.967432950191571,0.939278937381404,0.0834990059642147,0.316076294277929,0.05625,0.954545454545455,0.210355987055016,0.955678670360111,0.955922865013774,0.968299711815562,0.966759002770083,0.955555555555556,0.123893805309735,0.958100558659218,0.315217391304348,0.0555555555555556,0.877437325905292,0.119047619047619,0.302452316076294,0.956043956043956,0.148026315789474,0.952112676056338,0.956011730205279,0.112947658402204,0.953551912568306,0.164772727272727,0.954545454545455,0.0888888888888889,0.955431754874652,0.130563798219585,0.950953678474114,0.892572944297082,0.953667953667954,0.880407124681934
id14104,0.995145631067961,0.998799519807923,0.991556091676719,0.99390243902439,0.967051070840198,0.993421052631579,0.991596638655462,0.176092544987147,0.290909090909091,0.996407185628743,0.0400516795865633,0.0451306413301663,0.997458703939009,0.0314465408805031,0.04,0.993939393939394,0.997641509433962,0.985037406483791,0.998822143698469,0.160714285714286,0.942961165048544,0.0604890604890605,0.984147952443857,0.993734335839599,0.963636363636364,1,0.997652582159624,0.899354838709677,0.996845425867508,0.996458087367178,0.99639855942377,0.964788732394366,0.252510760401722,0.235995232419547,0.979493365500603,0.0611183355006502,0.997655334114889,0.0519645120405577,0.994033412887828,0.996487119437939,0.991626794258373,0.989374262101535,0.133858267716535,0.995226730310263,0.1564039408867,0.997527812113721,0.935672514619883,0.995833333333333,0.99492385786802,0.956448911222781,0.0555555555555556,0.314070351758794,0.0142450142450142,1,0.178571428571429,0.997448979591837,1,0.978552278820375,0.982051282051282,1,0.0765027322404372,0.997442455242967,0.294701986754967,0.0179948586118252,0.866323907455013,0.0824175824175824,0.271356783919598,0.994936708860759,0.102409638554217,1,0.989189189189189,0.0714285714285714,0.997481108312343,0.126315789473684,1,0.061381074168798,0.9923273657289,0.0956284153005464,0.994974874371859,0.881562881562882,0.991496598639456,0.889018691588785
id14105,0.995209580838323,0.996458087367178,0.991686460807601,0.992788461538462,0.962662337662338,0.995698924731183,0.992890995260663,0.17743979721166,0.290281329923274,0.997630331753555,0.0407643312101911,0.0467836257309941,0.995006242197253,0.0310173697270471,0.039440203562341,0.994026284348865,0.99883855981417,0.98034398034398,0.99883855981417,0.159147869674185,0.936602870813397,0.0582278481012658,0.977806788511749,0.99009900990099,0.961636828644501,0.997652582159624,1,0.889453621346887,0.995297805642633,0.997666277712952,0.995255041518387,0.963005780346821,0.25035360678925,0.231220657276995,0.979737783075089,0.0614596670934699,0.998842592592593,0.0536828963795256,0.991774383078731,0.996539792387543,0.990566037735849,0.98953488372093,0.133592736705577,0.995288574793875,0.157575757575758,0.998780487804878,0.931428571428571,0.995873452544704,0.996632996632997,0.958402662229617,0.0535405872193437,0.31592039800995,0.0169491525423729,0.997402597402597,0.176991150442478,0.994949494949495,0.99748743718593,0.970822281167109,0.977157360406091,0.99746835443038,0.0731707317073171,0.994897959183674,0.298360655737705,0.0203562340966921,0.862595419847328,0.0844686648501362,0.266169154228856,0.992481203007519,0.0985074626865672,0.994858611825193,0.986559139784946,0.0732323232323232,0.99501246882793,0.122715404699739,0.997395833333333,0.0632911392405063,0.989847715736041,0.100271002710027,0.990049751243781,0.871239470517449,0.988175675675676,0.88722669735328
