Row,id11540,id11948,id525,id591,id616,id633,id847
id11540,1,0.719298245614035,0.773333333333333,0.873239436619718,0.712328767123288,0.802631578947368,0.763157894736842
id11948,0.719298245614035,1,0.698412698412698,0.7,0.754098360655738,0.714285714285714,0.873015873015873
id525,0.773333333333333,0.698412698412698,1,0.763157894736842,0.759493670886076,0.792682926829268,0.719512195121951
id591,0.873239436619718,0.7,0.763157894736842,1,0.756756756756757,0.805194805194805,0.831168831168831
id616,0.712328767123288,0.754098360655738,0.759493670886076,0.756756756756757,1,0.79,0.818181818181818
id633,0.802631578947368,0.714285714285714,0.792682926829268,0.805194805194805,0.79,1,0.792452830188679
id847,0.763157894736842,0.873015873015873,0.719512195121951,0.831168831168831,0.818181818181818,0.792452830188679,1
