sponsor_id,name
12926,Finance
13934,"Senate Organization"
